0.0 102.3086
0.1238 104.7591875
0.2477 106.65187499999999
0.3715 108.278625
0.4954 109.5816875
0.6192 110.10476470588235
0.743 109.18266666666668
0.8669 109.48783333333331
0.9907 109.80616666666667
1.1146 110.10816666666666
1.2384 105.08075000000001
1.3622 105.23405
1.4861 105.38875
1.6099 105.45845
1.7337 103.9820476190476
1.8576 103.93180952380953
1.9814 103.88938095238093
2.1053 103.8358095238095
2.2291 103.91018181818184
2.3529 103.58713636363636
2.4768 104.99904347826087
2.6006 104.38699999999999
2.7245 103.8143043478261
2.8483 103.25439130434783
2.9721 102.46895652173913
3.096 101.60204347826088
3.2198 100.53656521739131
3.3437 95.98729166666668
3.4675 94.27404166666666
3.5913 92.46
3.7152 90.49775
3.839 88.40387500000001
3.9628 86.41883333333334
4.0867 84.33345833333333
4.2105 82.35362500000001
4.3344 80.603125
4.4582 79.12825
4.582 77.782375
4.7059 76.69091666666667
4.8297 75.79475000000001
4.9536 75.16799999999999
5.0774 74.73475
5.2012 74.46016666666667
5.3251 74.52233333333334
5.4489 74.90020833333334
5.5728 75.482625
5.6966 76.28691666666667
5.8204 77.52420833333333
5.9443 79.22291666666666
6.0681 81.19170833333334
6.192 83.33895833333334
6.3158 85.8485
6.4396 88.66558333333334
6.5635 91.52491666666667
6.6873 94.38295833333335
6.8111 97.51066666666668
6.935 100.63820833333334
7.0588 103.73454166666666
7.1827 106.813875
7.3065 109.818875
7.4303 112.68254166666668
7.5542 115.589375
7.678 118.56604166666666
7.8019 121.43408333333332
7.9257 124.10229166666666
8.0495 126.71570833333332
8.1734 129.15129166666665
8.2972 131.54795833333333
8.4211 133.73654166666668
8.5449 135.82845833333332
8.6687 137.77508333333333
8.7926 139.55095833333334
8.9164 141.24420833333332
9.0402 142.81104166666668
9.1641 144.147875
9.2879 145.276125
9.4118 146.19295833333334
9.5356 146.724875
9.6594 146.977125
9.7833 146.99041666666665
9.9071 146.59204166666666
10.031 145.82058333333333
10.1548 144.67600000000002
10.2786 143.4045
10.4025 142.01583333333335
10.5263 140.45004166666666
10.6502 138.708
10.774 136.77920833333334
10.8978 134.72966666666667
11.0217 132.561
11.1455 130.12104166666666
11.2694 127.47029166666668
11.3932 124.64841666666666
11.517 121.70549999999999
11.6409 118.84858333333334
11.7647 116.09675
11.8885 113.41041666666666
12.0124 110.81179166666668
12.1362 108.49029166666666
12.2601 106.40354166666668
12.3839 104.476625
12.5077 102.72383333333335
12.6316 101.04925000000001
12.7554 99.35374999999999
12.8793 97.60933333333332
13.0031 96.01670833333333
13.1269 94.354625
13.2508 92.645
13.3746 90.86654166666666
13.4985 89.101625
13.6223 87.39320833333333
13.7461 85.80120833333332
13.87 84.3105
13.9938 83.032
14.1176 81.83395833333333
14.2415 80.73120833333333
14.3653 79.67662499999999
14.4892 78.78483333333332
14.613 77.95616666666668
14.7368 77.25574999999999
14.8607 76.6915
14.9845 76.23041666666666
15.1084 75.83608333333332
15.2322 75.69270833333333
15.356 75.984875
15.4799 76.62495833333334
15.6037 77.7105
15.7276 79.013375
15.8514 80.58304166666666
15.9752 82.31904166666666
16.0991 84.14270833333335
16.2229 85.993
16.3467 87.715125
16.4706 89.45366666666666
16.5944 90.97058333333332
16.7183 92.38870833333333
16.8421 93.92145833333332
16.9659 95.42820833333333
17.0898 97.09575
17.2136 98.780125
17.3375 100.36891666666668
17.4613 102.02712500000001
17.5851 103.59124999999999
17.709 105.07712499999998
17.8328 106.51724999999999
17.9567 107.93545833333333
18.0805 109.27024999999999
18.2043 110.38241666666666
18.3282 111.37491666666666
18.452 112.28141666666666
18.5759 112.99762500000001
18.6997 113.62483333333334
18.8235 114.227625
18.9474 114.70025
19.0712 115.16166666666668
19.195 115.52725
19.3189 115.81129166666665
19.4427 116.13641666666666
19.5666 116.34483333333333
19.6904 116.39175
19.8142 116.41145833333333
19.9381 116.11625
20.0619 115.664125
20.1858 115.03612500000001
20.3096 114.40183333333333
20.4334 113.74125
20.5573 113.125375
20.6811 112.583625
20.805 111.99883333333332
20.9288 111.36329166666667
21.0526 110.78775
21.1765 109.86537500000001
21.3003 108.91916666666667
21.4241 107.77016666666667
21.548 106.52983333333334
21.6718 105.0345
21.7957 103.25954166666668
21.9195 101.56824999999999
22.0433 99.97333333333334
22.1672 98.42433333333334
22.291 96.89541666666666
22.4149 95.66579166666668
22.5387 94.53612500000001
22.6625 93.4295
22.7864 92.48441666666668
22.9102 91.61291666666666
23.0341 90.96887499999998
23.1579 90.25541666666668
23.2817 89.57091666666668
23.4056 88.87983333333334
23.5294 88.33658333333331
23.6533 87.91425
23.7771 87.62904166666665
23.9009 87.41466666666668
24.0248 87.213375
24.1486 87.05983333333334
24.2724 87.00900000000001
24.3963 86.95395833333332
24.5201 87.12079166666666
24.644 87.48804166666667
24.7678 87.59458333333333
24.8916 87.81870833333333
25.0155 87.87454166666667
25.1393 87.83204166666667
25.2632 87.99620833333334
25.387 88.22983333333332
25.5108 88.50383333333332
25.6347 88.77608333333335
25.7585 89.38645833333332
25.8824 90.272875
26.0062 91.37375000000002
26.13 92.75450000000001
26.2539 94.43291666666664
26.3777 96.33270833333331
26.5015 98.413
26.6254 100.33866666666667
26.7492 102.20695833333332
26.8731 104.14637499999999
26.9969 106.12258333333334
27.1207 107.99483333333335
27.2446 109.96970833333334
27.3684 111.84666666666665
27.4923 113.75154166666668
27.6161 115.55129166666666
27.7399 117.27354166666669
27.8638 118.90416666666665
27.9876 120.32066666666667
28.1115 121.21924999999999
28.2353 121.72429166666667
28.3591 121.92554166666666
28.483 121.57862499999999
28.6068 120.944
28.7306 119.88645833333334
28.8545 118.55874999999999
28.9783 116.95591666666667
29.1022 115.03125
29.226 113.05116666666667
29.3498 111.06233333333334
29.4737 108.93683333333335
29.5975 106.81241666666666
29.7214 104.58391666666667
29.8452 102.265625
29.969 100.05054166666666
30.0929 97.892625
30.2167 96.05399999999999
30.3406 94.22687499999999
30.4644 92.61225
30.5882 91.02866666666667
30.7121 89.60754166666668
30.8359 88.23904166666667
30.9598 87.29941666666666
31.0836 86.62529166666667
31.2074 86.12629166666666
31.3313 85.883
31.4551 85.72154166666667
31.5789 85.59054166666665
31.7028 85.56754166666667
31.8266 85.74204166666668
31.9505 86.11083333333333
32.0743 86.38416666666667
32.1981 86.617
32.322 86.88670833333333
32.4458 87.23804166666666
32.5697 87.78033333333333
32.6935 88.38937500000002
32.8173 89.21020833333334
32.9412 90.02083333333333
33.065 90.82145833333334
33.1889 91.66108333333334
33.3127 92.505125
33.4365 93.4055
33.5604 94.18108333333332
33.6842 94.9165
33.808 95.59295833333333
33.9319 96.20470833333336
34.0557 96.91729166666666
34.1796 97.91820833333333
34.3034 99.012625
34.4272 100.02908333333333
34.5511 101.26179166666668
34.6749 102.39120833333334
34.7988 103.48800000000001
34.9226 104.54991666666668
35.0464 105.684625
35.1703 106.893875
35.2941 108.09875
35.418 109.40116666666667
35.5418 110.62941666666667
35.6656 111.97462499999999
35.7895 113.39429166666666
35.9133 114.72879166666667
36.0372 116.29916666666666
36.161 117.78816666666665
36.2848 119.247
36.4087 120.62495833333332
36.5325 122.11395833333334
36.6563 123.94058333333332
36.7802 125.819
36.904 127.67633333333333
37.0279 129.63083333333333
37.1517 131.54779166666665
37.2755 133.3485
37.3994 135.07204166666668
37.5232 136.69825
37.6471 138.20804166666667
37.7709 139.53808333333333
37.8947 140.70808333333335
38.0186 141.81358333333333
38.1424 142.76920833333332
38.2663 143.63087499999997
38.3901 144.18733333333333
38.5139 144.38320833333333
38.6378 144.35670833333333
38.7616 143.9634166666667
38.8854 143.35029166666666
39.0093 142.37454166666666
39.1331 141.28650000000002
39.257 140.033875
39.3808 138.49425
39.5046 136.76304166666668
39.6285 134.85108333333332
39.7523 132.791
39.8762 130.702375
40.0 128.52525
40.1238 126.36304166666667
40.2477 123.99762500000001
40.3715 121.68683333333335
40.4954 119.45845833333334
40.6192 117.15095833333334
40.743 114.93195833333334
40.8669 112.81454166666667
40.9907 110.82870833333334
41.1146 108.96429166666667
41.2384 107.14625000000001
41.3622 105.32879166666667
41.4861 103.67462499999999
41.6099 98.82976190476191
41.7337 97.6343
41.8576 96.59205
41.9814 95.75610000000002
42.1053 94.87152631578947
42.2291 97.95841176470589
42.3529 98.7203125
42.4768 97.89173333333333
42.6006 97.77106666666666
42.7245 96.37028571428573
42.8483 93.95846153846153
42.9721 94.61975
43.096 94.74283333333334