0.0 80.351
0.0742 80.25294444444445
0.1484 79.3797894736842
0.2226 79.3231052631579
0.2968 76.10428571428571
0.3711 76.37704761904762
0.4453 75.35677272727274
0.5195 75.40072727272728
0.5937 78.74691304347826
0.6679 79.3554347826087
0.7421 79.13466666666667
0.8163 79.68258333333334
0.8905 81.1694
0.9647 81.94196
1.039 85.96584615384616
1.1132 86.89011538461538
1.1874 88.11726923076922
1.2616 88.6591923076923
1.3358 90.50865384615385
1.41 91.23965384615384
1.4842 91.61892307692308
1.5584 92.68488461538462
1.6327 93.7794230769231
1.7069 95.4435
1.7811 99.50933333333334
1.8553 100.27018518518518
1.9295 100.98866666666665
2.0037 102.00566666666667
2.0779 102.8705925925926
2.1521 103.6135925925926
2.2263 106.7457142857143
2.3006 107.29914285714287
2.3748 107.90810714285713
2.449 109.31203571428571
2.5232 109.61982142857143
2.5974 109.77885714285715
2.6716 110.31017857142855
2.7458 111.25753571428572
2.82 111.64399999999999
2.8942 111.4464642857143
2.9685 111.9410357142857
3.0427 112.13042857142857
3.1169 112.26807142857145
3.1911 112.65278571428571
3.2653 112.53482142857142
3.3395 112.4683214285714
3.4137 112.26307142857145
3.4879 112.72510714285714
3.5622 112.76653571428571
3.6364 112.93092857142857
3.7106 113.23828571428571
3.7848 112.70385714285715
3.859 112.45160714285716
3.9332 112.73585714285714
4.0074 112.67317857142856
4.0816 112.68346428571431
4.1558 112.85467857142858
4.2301 113.17825
4.3043 113.58182142857143
4.3785 114.09039285714286
4.4527 114.09882142857143
4.5269 114.6345357142857
4.6011 115.21317857142857
4.6753 115.52128571428571
4.7495 115.97942857142857
4.8237 116.5769642857143
4.898 117.08164285714284
4.9722 117.83885714285714
5.0464 118.48017857142858
5.1206 119.12210714285713
5.1948 119.96332142857143
5.269 120.48967857142858
5.3432 120.9147857142857
5.4174 121.94192857142856
5.4917 123.01089285714285
5.5659 123.33657142857145
5.6401 123.73971428571429
5.7143 124.70414285714287
5.7885 125.50253571428571
5.8627 126.70917857142857
5.9369 127.74017857142859
6.0111 128.48053571428574
6.0853 128.94589285714287
6.1596 130.24985714285714
6.2338 131.42292857142857
6.308 132.49714285714285
6.3822 133.34282142857143
6.4564 134.76485714285715
6.5306 136.4997142857143
6.6048 138.05325
6.679 139.54464285714286
6.7532 140.95960714285715
6.8275 142.4617142857143
6.9017 144.03889285714286
6.9759 145.55175
7.0501 146.9875357142857
7.1243 148.65710714285714
7.1985 149.7372142857143
7.2727 151.33960714285715
7.3469 152.74114285714288
7.4212 154.26174999999998
7.4954 155.20914285714284
7.5696 156.23792857142857
7.6438 157.43017857142857
7.718 158.5588571428571
7.7922 159.75660714285715
7.8664 160.97114285714287
7.9406 161.90035714285713
8.0148 162.4437857142857
8.0891 163.92982142857142
8.1633 165.22832142857143
8.2375 165.69107142857143
8.3117 166.0835714285714
8.3859 166.6772857142857
8.4601 167.50364285714286
8.5343 168.39853571428574
8.6085 168.6621428571428
8.6827 169.15864285714287
8.757 168.82689285714287
8.8312 169.05550000000002
8.9054 169.29989285714288
8.9796 169.63846428571426
9.0538 168.84889285714283
9.128 168.14289285714287
9.2022 167.45517857142858
9.2764 167.22539285714285
9.3506 166.71903571428575
9.4249 165.08232142857145
9.4991 163.7665357142857
9.5733 162.5934642857143
9.6475 161.71810714285715
9.7217 160.09707142857147
9.7959 158.61257142857144
9.8701 157.55878571428573
9.9443 156.36864285714287
10.0186 154.97164285714283
10.0928 153.3224285714286
10.167 151.51492857142856
10.2412 150.02507142857144
10.3154 148.6729642857143
10.3896 147.18325000000002
10.4638 145.33371428571428
10.538 143.91217857142857
10.6122 142.19978571428572
10.6865 140.5769285714286
10.7607 139.15242857142857
10.8349 137.51603571428572
10.9091 135.16278571428572
10.9833 133.81528571428572
11.0575 131.90192857142856
11.1317 129.46192857142856
11.2059 127.50082142857143
11.2801 125.03303571428572
11.3544 123.48703571428572
11.4286 121.01146428571428
11.5028 118.81539285714287
11.577 116.63046428571428
11.6512 115.02428571428572
11.7254 112.71557142857144
11.7996 110.70775000000002
11.8738 108.94360714285715
11.9481 106.87632142857142
12.0223 104.61110714285714
12.0965 102.74375000000002
12.1707 100.58271428571427
12.2449 98.18796428571427
12.3191 96.11814285714286
12.3933 94.12364285714284
12.4675 91.34528571428572
12.5417 89.2579642857143
12.616 86.62103571428572
12.6902 83.83760714285715
12.7644 81.44057142857143
12.8386 78.67825
12.9128 76.33921428571429
12.987 73.74432142857142
13.0612 71.39128571428571
13.1354 69.26317857142857
13.2096 67.33425
13.2839 65.25139285714286
13.3581 62.85735714285714
13.4323 61.268428571428565
13.5065 59.57114285714287
13.5807 57.968357142857144
13.6549 56.544428571428575
13.7291 55.47282142857143
13.8033 54.586
13.8776 53.1617142857143
13.9518 52.133607142857144
14.026 51.19410714285714
14.1002 49.99917857142857
14.1744 49.10471428571428
14.2486 48.31335714285715
14.3228 46.92560714285714
14.397 45.802321428571425
14.4712 45.432357142857136
14.5455 44.57525
14.6197 44.548571428571435
14.6939 44.170821428571436
14.7681 43.97996428571429
14.8423 43.785785714285716
14.9165 43.62889285714285
14.9907 44.33503571428571
15.0649 44.61342857142857
15.1391 44.776
15.2134 45.76435714285714
15.2876 46.62807142857143
15.3618 47.38335714285714
15.436 48.66982142857143
15.5102 49.89192857142858
15.5844 51.41278571428571
15.6586 52.637035714285716
15.7328 53.9565
15.807 55.26907142857143
15.8813 56.944392857142866
15.9555 58.619499999999995
16.0297 60.66146428571428
16.1039 62.29307142857142
16.1781 64.37432142857143
16.2523 66.30214285714285
16.3265 67.45171428571429
16.4007 69.3035357142857
16.475 71.14014285714285
16.5492 72.59482142857144
16.6234 75.02014285714287
16.6976 77.4502857142857
16.7718 79.27242857142858
16.846 81.29503571428572
16.9202 83.68517857142855
16.9944 86.59785714285715
17.0686 89.42242857142857
17.1429 91.9924642857143
17.2171 94.7227857142857
17.2913 97.33010714285714
17.3655 100.5805
17.4397 103.76889285714287
17.5139 106.85478571428573
17.5881 109.21835714285716
17.6623 112.24767857142858
17.7365 114.44142857142857
17.8108 116.67925
17.885 119.30196428571428
17.9592 121.35532142857141
18.0334 123.35192857142859
18.1076 124.71124999999999
18.1818 125.79260714285714
18.256 127.42692857142856
18.3302 128.55914285714286
18.4045 129.8447857142857
18.4787 130.65057142857142
18.5529 131.14514285714284
18.6271 131.95039285714284
18.7013 132.53964285714287
18.7755 132.5622142857143
18.8497 132.54432142857144
18.9239 132.40139285714287
18.9981 132.45957142857145
19.0724 132.03092857142857
19.1466 131.16028571428572
19.2208 130.1017142857143
19.295 129.78142857142856
19.3692 128.68857142857144
19.4434 127.27642857142857
19.5176 126.17675
19.5918 124.62082142857142
19.666 122.75267857142856
19.7403 121.12189285714285
19.8145 119.60767857142856
19.8887 117.93971428571429
19.9629 116.01928571428573
20.0371 113.838
20.1113 112.09014285714285
20.1855 109.49389285714287
20.2597 107.09610714285712
20.334 104.79382142857142
20.4082 102.412
20.4824 100.17800000000001
20.5566 97.98574999999998
20.6308 94.7562857142857
20.705 92.43024999999999
20.7792 89.61085714285714
20.8534 86.84657142857141
20.9276 84.52792857142857
21.0019 81.65685714285713
21.0761 78.91157142857143
21.1503 76.44482142857143
21.2245 73.18778571428572
21.2987 70.68960714285716
21.3729 67.83607142857143
21.4471 65.32817857142858
21.5213 61.782357142857144
21.5955 58.80625000000001
21.6698 55.614928571428585
21.744 52.63953571428571
21.8182 49.35382142857143
21.8924 46.14982142857143
21.9666 43.25910714285715
22.0408 40.64071428571429
22.115 37.61560714285714
22.1892 35.142785714285715
22.2635 33.33660714285714
22.3377 30.536035714285713
22.4119 28.28117857142857
22.4861 26.21510714285714
22.5603 24.460785714285716
22.6345 22.8125
22.7087 21.353392857142858
22.7829 20.16557142857143
22.8571 19.41539285714286
22.9314 18.323607142857146
23.0056 17.372071428571427
23.0798 16.76882142857143
23.154 16.510035714285717
23.2282 15.890928571428573
23.3024 15.549892857142856
23.3766 15.570642857142857
23.4508 16.09496428571429
23.525 16.15582142857143
23.5993 16.259214285714286
23.6735 17.064321428571425
23.7477 17.983285714285714
23.8219 19.30242857142857
23.8961 20.879249999999995
23.9703 22.236285714285714
24.0445 24.587428571428575
24.1187 26.612607142857144
24.1929 28.72332142857143
24.2672 30.530321428571426
24.3414 33.01503571428571
24.4156 36.154250000000005
24.4898 39.07335714285715
24.564 41.997142857142855
24.6382 44.45182142857143
24.7124 47.95446428571429
24.7866 51.62132142857143
24.8609 55.00946428571429
24.9351 58.42342857142858
25.0093 61.90664285714285
25.0835 65.37117857142857
25.1577 69.12975000000002
25.2319 72.58282142857142
25.3061 76.10221428571428
25.3803 79.12596428571428
25.4545 82.19421428571427
25.5288 84.9755
25.603 88.08764285714285
25.6772 90.62374999999999
25.7514 93.82339285714285
25.8256 96.55653571428572
25.8998 99.21303571428572
25.974 102.00450000000002
26.0482 105.12289285714287
26.1224 107.83760714285714
26.1967 110.54792857142857
26.2709 113.61417857142858
26.3451 116.8405357142857
26.4193 119.82667857142859
26.4935 122.67514285714287
26.5677 125.67324999999998
26.6419 128.51807142857143
26.7161 131.58564285714286
26.7904 134.74032142857143
26.8646 137.45853571428572
26.9388 139.80928571428572
27.013 142.65785714285715
27.0872 145.40892857142856
27.1614 147.2925
27.2356 149.83335714285712
27.3098 151.8879642857143
27.384 154.06475
27.4583 155.88092857142857
27.5325 158.09375
27.6067 159.84574999999998
27.6809 162.06999999999996
27.7551 163.63628571428575
27.8293 165.23074999999997
27.9035 166.65942857142858
27.9777 167.79367857142856
28.0519 168.61578571428572
28.1262 170.25707142857144
28.2004 170.62160714285716
28.2746 171.41860714285716
28.3488 172.45428571428573
28.423 172.0593928571428
28.4972 172.29725000000002
28.5714 172.2437857142857
28.6456 171.5018571428571
28.7199 171.38932142857144
28.7941 170.58839285714285
28.8683 169.60110714285716
28.9425 168.68067857142856
29.0167 167.9649642857143
29.0909 166.64310714285716
29.1651 165.19764285714285
29.2393 163.74607142857144
29.3135 162.06346428571428
29.3878 160.16771428571425
29.462 158.75560714285714
29.5362 156.97514285714286
29.6104 155.04885714285714
29.6846 153.35157142857142
29.7588 151.37417857142856
29.833 149.40474999999998
29.9072 147.8620357142857
29.9814 146.61060714285713
30.0557 143.89685714285716
30.1299 142.19114285714286
30.2041 140.12867857142857
30.2783 138.08957142857142
30.3525 136.26392857142858
30.4267 134.04782142857144
30.5009 131.98960714285712
30.5751 129.65767857142856
30.6494 127.20592857142857
30.7236 125.67899999999999
30.7978 122.68171428571429
30.872 120.71546428571428
30.9462 118.07257142857142
31.0204 115.65517857142858
31.0946 113.20560714285713
31.1688 110.37960714285713
31.243 107.85728571428571
31.3173 105.914
31.3915 103.32982142857144
31.4657 100.95750000000001
31.5399 98.67757142857144
31.6141 96.45117857142857
31.6883 93.80028571428572
31.7625 91.88114285714288
31.8367 89.82074999999999
31.9109 87.7912857142857
31.9852 86.58764285714285
32.0594 84.31653571428572
32.1336 82.05410714285713
32.2078 80.65385714285715
32.282 79.39364285714285
32.3562 77.96382142857144
32.4304 76.22507142857144
32.5046 74.76592857142857
32.5788 73.42210714285716
32.6531 72.45414285714286
32.7273 71.63667857142858
32.8015 70.487
32.8757 69.99082142857142
32.9499 69.30678571428572
33.0241 69.08317857142858
33.0983 69.15814285714286
33.1725 69.73317857142857
33.2468 70.22246428571428
33.321 71.05325
33.3952 71.99310714285714
33.4694 73.4302857142857
33.5436 74.96264285714285
33.6178 76.13378571428572
33.692 78.1987857142857
33.7662 80.11142857142856
33.8404 82.37346428571428
33.9147 85.03917857142856
33.9889 86.90182142857142
34.0631 89.27157142857142
34.1373 91.8437857142857
34.2115 94.34642857142856
34.2857 96.90896428571429
34.3599 99.46414285714286
34.4341 101.79285714285713
34.5084 103.94989285714287
34.5826 106.51167857142856
34.6568 109.76117857142857
34.731 112.2265
34.8052 114.22496428571428
34.8794 116.8204642857143
34.9536 119.53021428571427
35.0278 122.57896428571428
35.102 125.03303571428572
35.1763 127.86892857142857
35.2505 130.54660714285714
35.3247 133.21532142857146
35.3989 135.5809642857143
35.4731 137.99585714285715
35.5473 140.38564285714284
35.6215 143.13857142857142
35.6957 145.1829285714286
35.7699 147.35510714285712
35.8442 149.40157142857146
35.9184 151.8549642857143
35.9926 153.77946428571428
36.0668 155.56103571428574
36.141 157.14267857142858
36.2152 158.77032142857144
36.2894 159.8572142857143
36.3636 160.9459642857143
36.4378 162.37782142857142
36.5121 163.83103571428572
36.5863 164.21732142857144
36.6605 165.38135714285713
36.7347 166.0270357142857
36.8089 166.3030357142857
36.8831 167.14939285714289
36.9573 167.76575
37.0315 167.98821428571432
37.1058 168.434
37.18 168.64842857142858
37.2542 168.56696428571428
37.3284 168.25792857142855
37.4026 167.66964285714286
37.4768 167.29492857142856
37.551 166.84189285714288
37.6252 165.7602142857143
37.6994 164.7176785714286
37.7737 163.7411785714286
37.8479 163.3283928571429
37.9221 162.14092857142853
37.9963 161.07075
38.0705 159.64628571428574
38.1447 158.00507142857143
38.2189 156.85928571428573
38.2931 155.24025
38.3673 154.24678571428572
38.4416 152.76489285714288
38.5158 152.01660714285714
38.59 150.73878571428574
38.6642 149.31982142857143
38.7384 148.45260714285715
38.8126 148.2552142857143
38.8868 147.20260714285715
38.961 146.4431785714286
39.0353 145.3385357142857
39.1095 144.62325
39.1837 143.68932142857145
39.2579 142.81942857142857
39.3321 142.46653571428573
39.4063 141.19692857142857
39.4805 140.15060714285713
39.5547 139.7924642857143
39.6289 138.87949999999998
39.7032 138.16260714285713
39.7774 136.8490357142857
39.8516 135.94
39.9258 134.75417857142858
40.0 133.91685714285714
40.0742 132.77757142857143
40.1484 131.54796428571427
40.2226 130.63889285714285
40.2968 129.036
40.3711 128.18635714285713
40.4453 126.71185714285714
40.5195 125.70385714285715
40.5937 124.89932142857143
40.6679 123.44825
40.7421 122.01689285714285
40.8163 120.86867857142859
40.8905 119.10921428571429
40.9647 117.77324999999999
41.039 116.21985714285714
41.1132 114.48299999999999
41.1874 112.6389642857143
41.2616 110.87885714285714
41.3358 108.79075000000002
41.41 107.1005
41.4842 105.763
41.5584 104.42714285714285
41.6327 103.08221428571429
41.7069 101.89485714285713
41.7811 100.74478571428571
41.8553 100.02525000000001
41.9295 98.78846428571428
42.0037 97.45214285714285
42.0779 96.36725
42.1521 96.02207142857142
42.2263 95.38832142857143
42.3006 94.7627142857143
42.3748 93.98392857142858
42.449 93.47625000000001
42.5232 92.99378571428572
42.5974 92.39389285714284
42.6716 91.64960714285714
42.7458 91.13324999999999
42.82 90.49117857142858
42.8942 89.53867857142856
42.9685 88.647
43.0427 88.15625000000001
43.1169 87.02435714285714
43.1911 86.13864285714286
43.2653 85.30857142857144
43.3395 81.94318518518519
43.4137 80.78440740740741
43.4879 80.01725925925926
43.5622 79.3797037037037
43.6364 78.709
43.7106 77.71944444444445
43.7848 77.1197037037037
43.859 76.33733333333333
43.9332 75.55551851851851
44.0074 74.64277777777777
44.0816 73.56277777777778
44.1558 66.41172
44.2301 65.46776
44.3043 64.72712
44.3785 61.47504166666666
44.4527 62.24913043478261
44.5269 61.68169565217391
44.6011 62.21463636363637
44.6753 63.43429999999999
44.7495 63.092650000000006
44.8237 63.72594736842106
44.898 63.65821052631579
44.9722 64.71688888888889
45.0464 66.73523529411764
45.1206 67.43625
45.1948 69.42693333333334