0.0 101.52735
0.1859 100.60445454545453
0.3717 99.08600000000001
0.5576 98.9788695652174
0.7435 98.99004
0.9294 99.2576923076923
1.1152 101.00296666666667
1.3011 100.8906
1.487 100.59545161290322
1.6729 100.38222580645163
1.8587 99.77709375
2.0446 99.00674999999998
2.2305 100.14673529411763
2.4164 99.5229142857143
2.6022 99.71162857142858
2.7881 100.05102857142856
2.974 100.60331428571429
3.1599 101.46794285714286
3.3457 102.45725714285716
3.5316 103.3503142857143
3.7175 104.43411428571429
3.9033 105.78857142857142
4.0892 107.26837142857143
4.2751 108.89977142857144
4.461 110.79382857142859
4.6468 113.11657142857143
4.8327 115.375
5.0186 118.13354285714286
5.2045 120.84182857142856
5.3903 123.42291428571427
5.5762 126.28528571428573
5.7621 129.2267142857143
5.948 132.19159999999997
6.1338 134.86697142857142
6.3197 137.2467142857143
6.5056 139.09757142857143
6.6914 140.5797714285714
6.8773 141.78002857142855
7.0632 142.1590857142857
7.2491 142.3861142857143
7.4349 142.31602857142857
7.6208 141.65648571428568
7.8067 140.86022857142856
7.9926 139.44948571428571
8.1784 137.31782857142855
8.3643 135.22094285714286
8.5502 132.3720285714286
8.7361 129.14482857142855
8.9219 125.81242857142855
9.1078 122.59339999999997
9.2937 119.43842857142857
9.4796 116.60262857142857
9.6654 113.94591428571427
9.8513 110.89071428571428
10.0372 107.45271428571428
10.223 103.69902857142858
10.4089 99.30368571428569
10.5948 95.37337142857143
10.7807 91.27577142857143
10.9665 87.81494285714287
11.1524 84.65734285714285
11.3383 81.67328571428571
11.5242 79.04799999999999
11.71 76.96077142857142
11.8959 74.9212
12.0818 72.7071142857143
12.2677 70.94131428571428
12.4535 69.36897142857143
12.6394 68.20845714285713
12.8253 67.89548571428571
13.0112 67.78468571428571
13.197 68.43251428571429
13.3829 69.24817142857144
13.5688 70.54125714285715
13.7546 71.91405714285715
13.9405 73.76911428571428
14.1264 75.3496857142857
14.3123 76.96302857142857
14.4981 78.09702857142858
14.684 79.68697142857143
14.8699 81.25648571428572
15.0558 82.87471428571429
15.2416 85.05237142857143
15.4275 87.14957142857143
15.6134 89.61734285714286
15.7993 92.0785142857143
15.9851 94.65271428571428
16.171 96.87325714285714
16.3569 99.61731428571427
16.5428 101.94114285714286
16.7286 104.42265714285715
16.9145 107.16222857142857
17.1004 110.1026857142857
17.2862 112.98985714285713
17.4721 116.09205714285714
17.658 119.09560000000002
17.8439 121.83671428571428
18.0297 124.2264
18.2156 125.97011428571427
18.4015 126.98934285714284
18.5874 128.2062
18.7732 129.02137142857143
18.9591 130.335
19.145 131.24125714285717
19.3309 132.15725714285716
19.5167 133.25405714285716
19.7026 134.2884857142857
19.8885 135.23368571428577
20.0744 135.88671428571428
20.2602 136.3742857142857
20.4461 136.56148571428568
20.632 136.05180000000004
20.8178 135.44080000000002
21.0037 134.16925714285713
21.1896 132.41645714285715
21.3755 130.1237714285714
21.5613 127.71345714285712
21.7472 124.92625714285714
21.9331 122.52814285714283
22.119 120.06782857142856
22.3048 117.69871428571429
22.4907 115.60322857142857
22.6766 114.04511428571428
22.8625 112.81982857142856
23.0483 112.13871428571429
23.2342 111.33425714285714
23.4201 110.27777142857144
23.6059 109.81305714285713
23.7918 109.34088571428572
23.9777 109.37885714285714
24.1636 109.24634285714285
24.3494 109.87202857142857
24.5353 110.53482857142856
24.7212 111.48362857142857
24.9071 112.79659999999998
25.0929 113.89039999999999
25.2788 115.02565714285714
25.4647 116.4479142857143
25.6506 117.86262857142857
25.8364 119.78522857142858
26.0223 121.70762857142857
26.2082 123.50342857142857
26.3941 125.6826
26.5799 127.26039999999999
26.7658 129.06694285714283
26.9517 130.61891428571428
27.1375 131.99277142857144
27.3234 132.7033142857143
27.5093 133.24168571428572
27.6952 133.65074285714286
27.881 133.67799999999997
28.0669 133.21388571428568
28.2528 132.6573428571429
28.4387 131.5366
28.6245 130.27302857142857
28.8104 128.34677142857146
28.9963 125.96405714285714
29.1822 123.32582857142859
29.368 120.37662857142857
29.5539 116.9295714285714
29.7398 113.46148571428573
29.9256 109.28297142857143
30.1115 104.91971428571428
30.2974 100.12402857142857
30.4833 95.40445714285714
30.6691 90.50174285714286
30.855 85.54142857142857
31.0409 80.68702857142857
31.2268 76.20365714285712
31.4126 72.2986285714286
31.5985 68.80205714285715
31.7844 65.84060000000001
31.9703 63.6646857142857
32.1561 62.492714285714285
32.342 62.402542857142855
32.5279 62.75274285714287
32.7138 64.17137142857143
32.8996 66.37677142857143
33.0855 69.52337142857144
33.2714 73.35951428571428
33.4572 77.84211428571427
33.6431 82.53334285714286
33.829 87.86471428571429
34.0149 93.49048571428571
34.2007 99.2565714285714
34.3866 105.22985714285714
34.5725 111.40534285714284
34.7584 117.52908571428571
34.9442 122.80551428571427
35.1301 127.8214857142857
35.316 131.63042857142858
35.5019 134.83285714285716
35.6877 137.70382857142857
35.8736 139.74842857142858
36.0595 141.8392
36.2454 143.4776857142857
36.4312 145.02054285714286
36.6171 146.4872857142857
36.803 147.45125714285714
36.9888 147.8585714285714
37.1747 148.2002
37.3606 148.1934
37.5465 147.86565714285715
37.7323 148.0010571428572
37.9182 147.74974285714282
38.1041 147.2203714285714
38.29 146.162
38.4758 144.64357142857142
38.6617 142.30551428571428
38.8476 139.49454285714287
39.0335 136.00482857142856
39.2193 132.04691428571428
39.4052 128.25134285714287
39.5911 124.01617142857145
39.777 119.76282857142856
39.9628 115.36179999999999
40.1487 111.10765714285715
40.3346 106.66757142857143
40.5204 102.87822857142858
40.7063 99.45637142857143
40.8922 96.86994285714286
41.0781 95.28005714285715
41.2639 94.24434285714285
41.4498 93.71025714285715
41.6357 93.35217142857142
41.8216 93.56431428571429
42.0074 93.69368571428572
42.1933 94.27194285714286
42.3792 95.07220000000001
42.5651 96.22025714285715
42.7509 97.26874285714285
42.9368 98.56951428571429
43.1227 99.98177142857143
43.3086 101.05457142857144
43.4944 101.81122857142857
43.6803 101.62930303030303
43.8662 104.3254375
44.052 107.70617241379311
44.2379 108.17689655172414
44.4238 107.88007692307691
44.6097 104.78508
44.7955 106.44757894736841
44.9814 107.27126315789474
45.1673 107.83172222222223
45.3532 109.76617647058823