0.0 91.83842857142858
0.0746 91.24393571428571
0.1492 90.36970714285715
0.2239 90.65421999999998
0.2985 92.17155625000001
0.3731 92.03803125
0.4477 90.79863125
0.5224 90.09895
0.597 88.33101764705883
0.6716 87.56599411764705
0.7462 86.94226470588237
0.8209 86.0408117647059
0.8955 85.317
0.9701 84.7588588235294
1.0447 83.73432352941177
1.1194 85.30347777777779
1.194 86.34224210526315
1.2686 85.41840476190475
1.3432 81.61109090909092
1.4179 82.77091666666668
1.4925 82.42764583333333
1.5671 85.61173461538462
1.6417 85.52018076923079
1.7164 85.77820384615384
1.791 85.53303076923076
1.8656 85.42702499999999
1.9402 85.42202142857141
2.0149 85.72757142857144
2.0895 86.00092500000001
2.1641 86.287425
2.2387 86.7180857142857
2.3134 87.26204285714287
2.388 87.65696428571428
2.4626 88.2552892857143
2.5372 88.76843214285715
2.6119 89.4396107142857
2.6865 90.20293928571428
2.7611 91.1576857142857
2.8357 91.66623928571428
2.9104 92.35018214285716
2.985 93.23730714285713
3.0596 94.19996785714285
3.1342 96.00960689655173
3.2089 96.74535862068966
3.2835 97.71501379310344
3.3581 98.4119551724138
3.4327 99.28288275862067
3.5074 99.84324827586205
3.582 100.58750344827585
3.6566 101.52572413793102
3.7312 102.45508620689652
3.8059 103.17457931034481
3.8805 103.93561724137932
3.9551 104.52467931034484
4.0297 105.65688275862067
4.1044 106.47970000000001
4.179 107.42344482758622
4.2536 108.29694482758622
4.3282 108.8246344827586
4.4029 109.50424137931034
4.4775 110.35504137931034
4.5521 111.52847586206896
4.6267 112.01084827586206
4.7014 112.60153448275862
4.776 113.14856896551723
4.8506 114.00658275862071
4.9252 114.47797586206897
4.9999 115.21985172413791
5.0745 115.84796551724138
5.1491 116.63248275862068
5.2237 117.25633448275863
5.2984 118.30560689655174
5.373 119.23727586206896
5.4476 120.48048620689657
5.5222 121.53574827586208
5.5969 122.64657586206897
5.6715 124.00375862068967
5.7461 124.99593448275861
5.8207 126.01693793103446
5.8954 127.13049310344829
5.97 128.63424137931034
6.0446 129.41268965517241
6.1192 130.55993448275865
6.1939 131.40897931034482
6.2685 132.50611379310345
6.3431 133.73680000000002
6.4177 134.61613793103447
6.4924 135.36572413793104
6.567 136.36675862068967
6.6416 137.04947586206896
6.7162 137.6958620689655
6.7909 138.54227586206895
6.8655 139.20344482758622
6.9401 139.95531034482758
7.0147 140.47117241379308
7.0894 141.15186206896553
7.164 141.51877586206896
7.2386 141.82594827586206
7.3132 142.2051379310345
7.3879 142.62282758620688
7.4625 142.95822068965518
7.5371 143.2491275862069
7.6117 143.57641379310346
7.6864 144.0115379310345
7.761 143.8246206896552
7.8356 144.12506896551724
7.9102 144.03746551724137
7.9849 144.06106896551722
8.0595 143.86699655172413
8.1341 143.82874137931037
8.2087 143.54041379310345
8.2834 143.34790344827584
8.358 143.0339551724138
8.4326 142.61845862068964
8.5072 141.9554172413793
8.5819 141.58503793103446
8.6565 141.03632413793102
8.7311 140.72205517241377
8.8057 139.93511724137932
8.8804 139.8624517241379
8.955 139.26227586206898
9.0296 138.5569655172414
9.1042 138.108
9.1788 137.47527586206897
9.2535 137.1449931034483
9.3281 136.71373103448275
9.4027 136.12249655172414
9.4773 135.83157586206897
9.552 135.05374137931034
9.6266 134.56805172413792
9.7012 134.01774137931037
9.7758 132.72298965517243
9.8505 131.6557275862069
9.9251 130.41593103448275
9.9997 129.35629655172414
10.0743 127.8554
10.149 126.49570344827588
10.2236 124.91406551724137
10.2982 123.2038655172414
10.3728 121.37200689655174
10.4475 119.44688275862069
10.5221 117.50709655172415
10.5967 115.76944827586208
10.6713 113.84277241379311
10.746 112.24690689655174
10.8206 110.29108620689658
10.8952 108.37578275862069
10.9698 106.66393103448276
11.0445 104.75287586206895
11.1191 103.07932758620687
11.1937 101.33144827586207
11.2683 99.28666551724139
11.343 97.43331379310345
11.4176 95.5722172413793
11.4922 93.57672068965519
11.5668 91.51917586206896
11.6415 89.48189655172413
11.7161 87.40983448275864
11.7907 85.73328620689654
11.8653 83.70133448275863
11.94 81.59633448275862
12.0146 80.1073379310345
12.0892 78.2818896551724
12.1638 77.08953793103447
12.2385 75.96056896551725
12.3131 74.81213793103448
12.3877 73.6333
12.4623 72.76849310344828
12.537 72.11654827586207
12.6116 71.5757
12.6862 71.19803448275863
12.7608 70.83213793103448
12.8355 70.65853448275861
12.9101 70.31120689655171
12.9847 70.23089999999999
13.0593 70.29893103448275
13.134 70.26286206896552
13.2086 70.43745517241379
13.2832 70.70925172413793
13.3578 71.01030000000002
13.4325 71.81972413793103
13.5071 72.39973103448276
13.5817 73.15193103448276
13.6563 73.5690724137931
13.731 74.59987931034482
13.8056 75.16603793103448
13.8802 76.06294482758621
13.9548 76.74668965517242
14.0295 77.65042068965518
14.1041 78.21065862068966
14.1787 79.13803793103449
14.2533 79.83038965517241
14.328 80.16193793103449
14.4026 80.98569310344827
14.4772 81.95843448275863
14.5518 82.78535862068965
14.6265 83.47161034482758
14.7011 84.21592413793104
14.7757 85.14583793103448
14.8503 86.09177931034482
14.925 86.9689448275862
14.9996 88.0901172413793
15.0742 89.65752068965517
15.1488 91.08593793103447
15.2235 92.31675862068965
15.2981 93.8104172413793
15.3727 95.13873793103448
15.4473 96.43774137931032
15.522 97.67114137931033
15.5966 98.92396551724138
15.6712 100.10447931034484
15.7458 100.93341379310347
15.8205 102.22815517241379
15.8951 103.30163103448275
15.9697 104.76917586206899
16.0443 105.79728965517242
16.119 106.76992068965518
16.1936 107.88076551724139
16.2682 108.79958620689655
16.3428 109.7356448275862
16.4175 110.74935862068965
16.4921 111.84046206896554
16.5667 112.91672413793104
16.6413 114.26575172413793
16.716 115.51541724137932
16.7906 116.60903793103448
16.8652 117.79974827586207
16.9398 118.80231034482757
17.0145 120.13841034482758
17.0891 121.05084482758619
17.1637 122.35658275862069
17.2383 123.29339310344828
17.313 125.09156206896553
17.3876 126.35109655172417
17.4622 127.46480689655174
17.5368 128.76054827586205
17.6115 130.32461379310345
17.6861 131.65600344827584
17.7607 132.50626551724136
17.8353 134.0779034482759
17.9099 135.4439068965517
17.9846 136.78441379310345
18.0592 137.74393103448276
18.1338 138.87296896551726
18.2084 139.95619310344827
18.2831 140.78163103448279
18.3577 141.17176551724137
18.4323 141.9043724137931
18.5069 142.29073448275864
18.5816 142.85004482758623
18.6562 143.11858965517243
18.7308 143.1988551724138
18.8054 143.3143724137931
18.8801 143.63264827586204
18.9547 143.16585862068962
19.0293 143.02546206896548
19.1039 143.10854827586206
19.1786 142.72522413793104
19.2532 142.2590068965517
19.3278 142.02000344827584
19.4024 141.62795862068964
19.4771 141.1479551724138
19.5517 140.54781034482758
19.6263 139.90012068965518
19.7009 139.34650000000002
19.7756 138.3811379310345
19.8502 137.28852413793103
19.9248 136.65820689655172
19.9994 135.55496896551725
20.0741 134.63471379310346
20.1487 133.2954068965517
20.2233 132.00673448275865
20.2979 130.98036896551724
20.3726 129.75253103448276
20.4472 128.3874379310345
20.5218 127.03428275862069
20.5964 125.64996896551723
20.6711 124.172975862069
20.7457 122.72846896551725
20.8203 121.35291034482759
20.8949 119.94590000000001
20.9696 118.41592068965518
21.0442 117.08312758620691
21.1188 115.29814827586206
21.1934 114.01357586206895
21.2681 112.50455517241379
21.3427 110.99501724137932
21.4173 109.68432758620689
21.4919 108.36061724137929
21.5666 106.80339310344829
21.6412 105.60679655172416
21.7158 104.20806896551724
21.7904 102.6733103448276
21.8651 101.20464827586207
21.9397 99.87675862068967
22.0143 98.60848275862068
22.0889 97.68251724137932
22.1636 96.69957586206895
22.2382 95.63288965517242
22.3128 94.77382068965518
22.3874 93.75479310344828
22.4621 93.14936896551725
22.5367 92.5610448275862
22.6113 92.29515172413794
22.6859 91.95080344827586
22.7606 91.69382758620688
22.8352 91.72675862068965
22.9098 92.30377931034482
22.9844 92.73230689655172
23.0591 93.17223448275863
23.1337 93.7024103448276
23.2083 94.50614827586207
23.2829 95.11318275862068
23.3576 95.73776206896551
23.4322 96.42524827586206
23.5068 97.64549310344827
23.5814 98.53437931034483
23.6561 99.40439655172415
23.7307 100.39031379310346
23.8053 101.32262413793102
23.8799 102.19301724137931
23.9546 103.34014137931037
24.0292 104.25851724137931
24.1038 105.39103448275861
24.1784 106.25153103448277
24.2531 107.25805862068967
24.3277 108.05162413793106
24.4023 109.30438965517241
24.4769 110.2383896551724
24.5516 111.37756206896553
24.6262 112.53503448275862
24.7008 113.36903793103448
24.7754 114.16591379310344
24.8501 114.89106896551723
24.9247 115.91112068965516
24.9993 116.86802758620689
25.0739 117.18347241379308
25.1486 118.04047241379308
25.2232 118.88173103448274
25.2978 119.55329655172415
25.3724 120.37306551724139
25.4471 120.87628620689654
25.5217 121.64986551724137
25.5963 122.18662068965517
25.6709 122.36960344827585
25.7456 122.94082413793105
25.8202 123.26362758620691
25.8948 123.29038965517242
25.9694 123.4098275862069
26.0441 123.36555172413793
26.1187 123.40000344827587
26.1933 123.38257931034482
26.2679 123.4011
26.3426 123.34651724137929
26.4172 123.5343275862069
26.4918 123.49329999999998
26.5664 123.19100344827586
26.641 122.86214827586207
26.7157 122.46881034482759
26.7903 122.27393103448276
26.8649 122.06841379310343
26.9395 122.03702758620692
27.0142 121.8747896551724
27.0888 121.44664137931035
27.1634 121.09065172413796
27.238 120.86579310344827
27.3127 120.50088275862069
27.3873 120.19488275862068
27.4619 119.82554137931034
27.5365 119.08605517241384
27.6112 118.65368965517241
27.6858 118.2315896551724
27.7604 118.18174827586208
27.835 117.51156551724138
27.9097 116.92636896551724
27.9843 116.31470000000002
28.0589 115.60783103448276
28.1335 115.15738275862068
28.2082 114.69248620689653
28.2828 113.8230827586207
28.3574 113.3366793103448
28.432 112.79059310344827
28.5067 112.03397586206896
28.5813 111.21440344827587
28.6559 110.72596896551723
28.7305 109.9589448275862
28.8052 109.41596551724139
28.8798 108.94308620689657
28.9544 108.46771034482758
29.029 107.5699724137931
29.1037 107.26955862068965
29.1783 106.92058275862068
29.2529 106.29951724137932
29.3275 105.63683448275863
29.4022 105.07458620689656
29.4768 104.53880344827586
29.5514 104.18250344827587
29.626 103.64895862068967
29.7007 102.89251724137931
29.7753 102.34585862068965
29.8499 101.75054482758621
29.9245 101.29849655172413
29.9992 100.6623448275862
30.0738 99.95554482758622
30.1484 99.18790689655171
30.223 98.6260172413793
30.2977 97.75542758620689
30.3723 97.0139448275862
30.4469 96.3178551724138
30.5215 95.16919999999999
30.5962 94.3532724137931
30.6708 93.25764827586202
30.7454 92.22003448275862
30.82 91.0055448275862
30.8947 89.71844827586207
30.9693 88.47828275862067
31.0439 87.27574827586207
31.1185 86.1438896551724
31.1932 84.65916896551724
31.2678 83.2937931034483
31.3424 81.86179310344828
31.417 80.41348620689652
31.4917 78.86643448275862
31.5663 77.31458620689655
31.6409 75.91858620689655
31.7155 74.17373448275863
31.7902 72.68268965517241
31.8648 71.06906896551725
31.9394 69.69362068965518
32.014 68.27686206896551
32.0887 66.79059655172414
32.1633 65.43764827586207
32.2379 63.88616896551724
32.3125 62.521103448275866
32.3872 61.47103448275862
32.4618 60.25870689655173
32.5364 59.60641724137931
32.611 58.90326551724138
32.6857 58.10240689655173
32.7603 57.55297931034483
32.8349 57.55871724137931
32.9095 57.41456206896552
32.9842 57.10552068965518
33.0588 57.14669655172414
33.1334 57.120075862068965
33.208 57.22543793103449
33.2827 57.82231379310344
33.3573 58.23501379310345
33.4319 58.75997586206897
33.5065 59.58905172413793
33.5812 60.3344724137931
33.6558 61.20283448275862
33.7304 62.13704137931034
33.805 63.245293103448276
33.8797 64.75663793103448
33.9543 66.05802068965518
34.0289 67.56186896551725
34.1035 69.07633793103449
34.1782 70.7812275862069
34.2528 72.89510000000001
34.3274 74.96870000000001
34.402 76.92220689655173
34.4767 78.93073103448276
34.5513 80.93711379310345
34.6259 82.87561379310344
34.7005 85.15247931034482
34.7752 87.1026206896552
34.8498 88.83584137931032
34.9244 90.63736896551725
34.999 92.4006482758621
35.0737 94.34068965517241
35.1483 96.28510344827588
35.2229 98.08123448275862
35.2975 100.02947931034483
35.3722 101.7834793103448
35.4468 103.57295862068968
35.5214 104.92024827586206
35.596 106.55783103448276
35.6706 107.8941448275862
35.7453 109.61741379310344
35.8199 111.30615172413793
35.8945 112.72456206896551
35.9691 114.25497586206897
36.0438 115.60537586206895
36.1184 116.7386103448276
36.193 117.83335517241379
36.2676 118.8756
36.3423 120.07294137931036
36.4169 121.01208965517242
36.4915 121.59584827586207
36.5661 122.3886620689655
36.6408 123.38220344827586
36.7154 123.95708965517242
36.79 124.76375517241378
36.8646 125.42645172413793
36.9393 125.95549310344826
37.0139 126.61654827586207
37.0885 127.34503448275863
37.1631 127.76240689655172
37.2378 128.52996551724138
37.3124 129.17610344827585
37.387 129.87593103448276
37.4616 130.82668965517243
37.5363 131.63360689655173
37.6109 132.0874206896552
37.6855 132.82697586206896
37.7601 133.7039724137931
37.8348 134.40439655172415
37.9094 134.9357172413793
37.984 135.54998620689656
38.0586 136.2019
38.1333 136.4411827586207
38.2079 136.66656206896553
38.2825 137.29687586206893
38.3571 137.89783793103447
38.4318 138.2467517241379
38.5064 138.58262413793102
38.581 139.18645862068962
38.6556 139.19989655172415
38.7303 139.47394137931036
38.8049 139.87688965517242
38.8795 140.06143793103448
38.9541 140.31036206896553
39.0288 140.38443793103448
39.1034 140.57947241379307
39.178 140.61724137931034
39.2526 140.8614034482759
39.3273 141.01676206896553
39.4019 140.95424827586208
39.4765 141.15116896551726
39.5511 140.76288965517244
39.6258 140.76085517241378
39.7004 140.7598448275862
39.775 140.36533103448278
39.8496 140.4087551724138
39.9243 140.34805862068967
39.9989 139.79446551724138
40.0735 139.63774482758623
40.1481 139.38604482758618
40.2228 138.86797931034482
40.2974 138.4045379310345
40.372 137.89136896551724
40.4466 137.57107931034483
40.5213 136.64412068965515
40.5959 136.24741379310345
40.6705 135.6041
40.7451 135.07959310344825
40.8198 134.28663448275864
40.8944 133.59589310344828
40.969 132.4523896551724
41.0436 131.80115517241381
41.1183 131.05308620689655
41.1929 129.85936551724137
41.2675 129.01046551724139
41.3421 127.91865862068967
41.4168 126.47606896551724
41.4914 125.41856206896551
41.566 124.1204482758621
41.6406 122.67315862068966
41.7153 121.48097931034482
41.7899 120.30147241379309
41.8645 119.13247931034483
41.9391 117.89004137931033
42.0138 116.56537241379309
42.0884 115.12130344827587
42.163 113.93794827586207
42.2376 112.89812413793102
42.3123 110.16863214285715
42.3869 109.08930000000001
42.4615 107.36922592592593
42.5361 106.10833333333332
42.6108 105.25304444444447
42.6854 104.25637037037038
42.76 103.04974074074073
42.8346 101.84913333333333
42.9093 101.32489629629629
42.9839 100.72363846153847
43.0585 99.60385769230771
43.1331 98.84604800000001
43.2078 98.249392
43.2824 97.333408
43.357 93.75040909090909
43.4316 93.00531363636362
43.5063 92.51386818181817
43.5809 93.04947619047618
43.6555 92.54648095238095
43.7301 92.36089523809524
43.8047 90.028415
43.8794 90.05050999999999
43.954 92.3567
44.0286 95.14766666666667
44.1032 92.07456249999998
44.1779 92.3226875
44.2525 92.36175
44.3271 92.3279375
44.4017 92.21375
44.4764 92.2857875
44.551 91.43279999999999
44.6256 91.14053333333335
44.7002 91.20653333333333
44.7749 91.40446666666666
44.8495 91.12780000000001