0.0 109.76219285714285
0.1235 106.51958666666665
0.2469 105.92899333333335
0.3704 105.34137333333334
0.4938 104.98510588235295
0.6173 108.426635
0.7407 107.933715
0.8642 108.33729047619047
0.9877 108.10912857142858
1.1111 108.83976818181817
1.2346 111.32753043478262
1.358 111.079964
1.4815 111.177772
1.6049 112.49761923076923
1.7284 112.19431851851853
1.8519 112.62066666666666
1.9753 113.24134642857143
2.0988 113.88093928571428
2.2222 114.29530000000001
2.3457 114.57757857142857
2.4691 114.86738928571428
2.5926 115.07952857142858
2.716 115.10705714285713
2.8395 115.06544285714286
2.963 114.9648142857143
3.0864 115.04889642857142
3.2099 114.8915857142857
3.3333 115.02780714285714
3.4568 115.11787142857145
3.5802 115.27848571428571
3.7037 115.66792857142855
3.8272 115.86967500000002
3.9506 116.28970714285713
4.0741 116.41368571428572
4.1975 116.80237500000001
4.321 117.05593214285715
4.4444 117.40030714285714
4.5679 117.82412142857143
4.6914 118.41397500000001
4.8148 119.00076071428573
4.9383 119.808775
5.0617 120.66230357142857
5.1852 121.82662500000002
5.3086 123.00489999999999
5.4321 124.23273214285713
5.5556 125.43284285714286
5.679 126.48220714285715
5.8025 127.48464642857144
5.9259 128.44604999999999
6.0494 129.43456785714287
6.1728 130.44059285714286
6.2963 131.6084642857143
6.4198 132.73525714285714
6.5432 134.153525
6.6667 135.62740357142857
6.7901 137.37505000000002
6.9136 139.0657
7.037 140.69497499999997
7.1605 142.14473214285718
7.284 143.58095714285713
7.4074 144.9276857142857
7.5309 145.94723571428568
7.6543 146.9122964285714
7.7778 147.6840642857143
7.9012 148.50705
8.0247 149.2035642857143
8.1481 149.85855357142856
8.2716 150.62134642857146
8.3951 151.15909642857144
8.5185 151.62535357142858
8.642 151.88478214285715
8.7654 151.9164607142857
8.8889 151.849275
9.0123 151.50680714285713
9.1358 151.0363678571429
9.2593 150.35039285714285
9.3827 149.38426071428574
9.5062 148.2992892857143
9.6296 147.05693214285716
9.7531 145.7601857142857
9.8765 144.41290357142856
10.0 143.09415357142856
10.1235 141.52453571428572
10.2469 140.0987142857143
10.3704 138.6222857142857
10.4938 137.22309285714286
10.6173 135.6841107142857
10.7407 134.0499035714286
10.8642 132.24930357142856
10.9877 130.42348214285715
11.1111 128.62360714285714
11.2346 126.90261428571428
11.358 125.13098571428569
11.4815 123.30949642857145
11.6049 121.78941071428571
11.7284 120.38383214285714
11.8519 119.00293571428571
11.9753 117.85270714285716
12.0988 116.6350607142857
12.2222 115.41037499999996
12.3457 114.39856785714287
12.4691 113.22949999999999
12.5926 112.15078214285715
12.716 111.14137142857142
12.8395 110.11986428571429
12.963 109.21383571428574
13.0864 108.26351071428572
13.2099 107.39087500000001
13.3333 106.70795357142858
13.4568 105.91767857142857
13.5802 105.22571071428571
13.7037 104.81102142857144
13.8272 104.37377500000001
13.9506 104.0070107142857
14.0741 103.84664285714288
14.1975 103.66268214285712
14.321 103.90675357142857
14.4444 104.08091785714286
14.5679 104.52898928571427
14.6914 104.94821428571429
14.8148 105.32374999999999
14.9383 105.79421428571428
15.0617 106.36733214285712
15.1852 106.88329999999999
15.3086 107.69017142857145
15.4321 108.49510357142857
15.5556 109.15781785714286
15.679 110.29416785714287
15.8025 111.48264642857141
15.9259 112.71201071428571
16.0494 114.07534285714287
16.1728 115.34554285714285
16.2963 116.62607500000001
16.4198 117.86556071428572
16.5432 119.18139642857143
16.6667 120.44866785714287
16.7901 121.72681071428569
16.9136 122.90948214285713
17.037 123.94574285714286
17.1605 124.82430714285714
17.284 125.87063571428573
17.4074 126.81417142857143
17.5309 127.59860357142857
17.6543 128.25494285714288
17.7778 128.8527464285714
17.9012 129.33422142857142
18.0247 129.85867142857145
18.1481 130.24473214285712
18.2716 130.71377142857142
18.3951 131.05919285714285
18.5185 131.27404285714286
18.642 131.42472857142857
18.7654 131.37019285714285
18.8889 131.32668928571428
19.0123 131.33485
19.1358 131.23381785714287
19.2593 131.17570714285714
19.3827 131.12891071428572
19.5062 131.11889642857145
19.6296 130.98874285714288
19.7531 130.85248928571428
19.8765 130.57009285714284
20.0 130.32497142857144
20.1235 130.05376785714287
20.2469 129.569875
20.3704 129.2388571428571
20.4938 128.5926392857143
20.6173 128.06463928571426
20.7407 127.49121071428571
20.8642 127.0048
20.9877 126.46258214285714
21.1111 125.76024285714287
21.2346 125.17057499999999
21.358 124.63617857142859
21.4815 124.05320357142857
21.6049 123.3328857142857
21.7284 122.84458928571429
21.8519 122.36566785714285
21.9753 121.9440607142857
22.0988 121.79606071428573
22.2222 121.45672857142858
22.3457 121.34811785714285
22.4691 121.09085
22.5926 121.04384285714286
22.716 120.81208928571428
22.8395 120.798825
22.963 120.76064999999998
23.0864 120.83172142857141
23.2099 120.85854285714288
23.3333 121.04403928571426
23.4568 121.25625357142857
23.5802 121.57301428571427
23.7037 121.8781285714286
23.8272 122.2806107142857
23.9506 122.71454642857144
24.0741 123.24015357142856
24.1975 123.65486071428572
24.321 124.14807857142857
24.4444 124.59361785714285
24.5679 124.97980714285714
24.6914 125.49984642857144
24.8148 125.96738928571428
24.9383 126.29276071428572
25.0617 126.82111785714287
25.1852 127.27337857142857
25.3086 127.64007857142859
25.4321 128.01547142857143
25.5556 128.29563214285716
25.679 128.50011428571426
25.8025 128.51051428571427
25.9259 128.5458035714286
26.0494 128.51363214285715
26.1728 128.46005000000002
26.2963 128.29405357142858
26.4198 128.3
26.5432 128.08142142857142
26.6667 127.8131964285714
26.7901 127.63048214285716
26.9136 127.46271428571428
27.037 127.26586428571427
27.1605 127.00921071428573
27.284 126.653
27.4074 126.2460107142857
27.5309 125.95044642857144
27.6543 125.77743571428572
27.7778 125.50772499999998
27.9012 125.29741428571427
28.0247 125.15033928571427
28.1481 125.04045
28.2716 124.84314642857143
28.3951 124.77692857142857
28.5185 124.56641071428571
28.642 124.1389392857143
28.7654 123.6521714285714
28.8889 123.1866142857143
29.0123 122.71272499999999
29.1358 122.05665714285713
29.2593 121.47531071428571
29.3827 120.8177857142857
29.5062 120.3008142857143
29.6296 119.66184642857145
29.7531 119.14914642857146
29.8765 118.63724285714287
30.0 117.99984642857143
30.1235 117.53544285714284
30.2469 117.06629285714287
30.3704 116.50129285714284
30.4938 115.95921071428572
30.6173 115.31109285714287
30.7407 114.75855
30.8642 114.36781071428571
30.9877 113.93698214285715
31.1111 113.62563571428574
31.2346 113.36166428571428
31.358 113.1911392857143
31.4815 113.18993214285715
31.6049 113.27445357142857
31.7284 113.48167857142857
31.8519 113.81726785714285
31.9753 114.2289607142857
32.0988 114.74599642857142
32.2222 115.2610107142857
32.3457 115.80162499999999
32.4691 116.43358571428573
32.5926 117.12693571428572
32.716 117.74949285714287
32.8395 118.67535357142856
32.963 119.44996428571429
33.0864 120.69325714285712
33.2099 121.88850357142857
33.3333 123.21737142857145
33.4568 124.75450714285715
33.5802 126.43181785714287
33.7037 128.236575
33.8272 130.0816857142857
33.9506 131.69563571428574
34.0741 133.32507142857142
34.1975 135.06919642857142
34.321 136.5836607142857
34.4444 138.1656357142857
34.5679 139.73497857142857
34.6914 141.26232499999998
34.8148 142.77350714285714
34.9383 144.11616785714287
35.0617 145.58057142857143
35.1852 146.986275
35.3086 148.32708571428572
35.4321 149.399125
35.5556 150.49252499999997
35.679 151.5011964285714
35.8025 152.33701428571428
35.9259 152.90904642857143
36.0494 153.20904642857144
36.1728 153.3169107142857
36.2963 153.1685035714286
36.4198 152.68811785714283
36.5432 152.07575714285713
36.6667 151.2888857142857
36.7901 150.46595714285715
36.9136 149.47354285714286
37.037 148.24341071428572
37.1605 147.10547500000004
37.284 145.72325714285714
37.4074 144.22565714285716
37.5309 142.74401785714286
37.6543 141.02781071428572
37.7778 139.10644642857145
37.9012 136.96000714285714
38.0247 134.70731428571426
38.1481 132.468675
38.2716 130.3510107142857
38.3951 128.49517857142857
38.5185 126.6341357142857
38.642 125.07214642857141
38.7654 123.52861071428572
38.8889 122.26395714285715
39.0123 121.11834642857143
39.1358 119.85713214285715
39.2593 118.74671785714285
39.3827 117.35727142857145
39.5062 115.861225
39.6296 114.43712500000001
39.7531 113.02353928571428
39.8765 111.7893357142857
40.0 110.82738571428571
40.1235 110.06323928571427
40.2469 109.39953214285713
40.3704 108.69048928571426
40.4938 108.20877857142857
40.6173 107.69018214285713
40.7407 107.1709214285714
40.8642 106.36188214285714
40.9877 105.59257142857145
41.1111 105.05026428571428
41.2346 104.40257499999998
41.358 103.82206428571428
41.4815 103.28381785714285
41.6049 102.8507535714286
41.7284 102.46441785714285
41.8519 102.19178214285715
41.9753 101.88925714285713
42.0988 101.49674999999999
42.2222 101.56611428571429
42.3457 101.48510714285715
42.4691 101.27244642857143
42.5926 101.3953214285714
42.716 101.33308571428573
42.8395 101.2973107142857
42.963 101.56608928571428
43.0864 101.73394642857143
43.2099 103.17201999999999
43.3333 103.44766
43.4568 103.766904
43.5802 104.434048
43.7037 105.19604166666666
43.8272 106.10234583333333
43.9506 109.4085347826087
44.0741 110.35876086956522
44.1975 112.56348095238097
44.321 114.22296842105261
44.4444 116.53360588235293
44.5679 117.54205
44.6914 117.36730666666666
44.8148 119.82972142857145
44.9383 120.17452142857144