0.0 68.7772
0.125 71.6212
0.25 63.55646153846155
0.375 61.43392857142856
0.5 62.93106666666666
0.625 68.3720625
0.75 71.11341176470589
0.875 72.34899999999999
1.0 74.24276470588237
1.125 75.82211764705883
1.25 76.57647058823531
1.375 77.44723529411765
1.5 79.45316666666668
1.625 79.94233333333335
1.75 79.64457894736842
1.875 80.86810526315789
2.0 84.21580000000002
2.125 86.31075000000001
2.25 87.773
2.375 90.45785
2.5 93.41033333333334
2.625 96.66923809523809
2.75 100.04742857142858
2.875 104.06561904761905
3.0 107.66752380952381
3.125 111.00204761904763
3.25 115.1317619047619
3.375 118.68233333333332
3.5 122.56985714285713
3.625 126.07685714285712
3.75 129.5284761904762
3.875 132.29614285714285
4.0 135.27833333333334
4.125 138.27457142857142
4.25 141.4902857142857
4.375 144.11866666666666
4.5 146.72490476190475
4.625 149.50057142857145
4.75 151.78538095238096
4.875 154.24152380952384
5.0 155.8677142857143
5.125 157.8647619047619
5.25 159.29176190476193
5.375 160.2247142857143
5.5 161.25223809523808
5.625 162.1762857142857
5.75 163.0169523809524
5.875 162.47785714285715
6.0 161.89604761904764
6.125 162.04219047619048
6.25 161.34685714285712
6.375 160.67704761904764
6.5 159.5427619047619
6.625 157.93090476190477
6.75 156.8247142857143
6.875 154.50942857142857
7.0 152.44309523809522
7.125 149.81690476190474
7.25 147.0195238095238
7.375 144.44909523809525
7.5 141.47109523809527
7.625 138.57728571428572
7.75 135.56633333333335
7.875 133.06071428571428
8.0 129.8738095238095
8.125 126.83247619047619
8.25 123.29576190476189
8.375 120.06461904761905
8.5 117.08066666666666
8.625 113.64680952380951
8.75 109.80414285714285
8.875 105.99709523809526
9.0 102.60338095238095
9.125 99.21747619047619
9.25 96.55952380952381
9.375 93.8472380952381
9.5 90.94319047619048
9.625 89.06909523809524
9.75 86.78404761904763
9.875 84.85714285714285
10.0 83.6279523809524
10.125 82.3807619047619
10.25 80.47133333333333
10.375 79.25957142857142
10.5 78.10352380952381
10.625 77.94809523809523
10.75 76.79390476190477
10.875 75.47652380952381
11.0 74.36747619047618
11.125 73.42909523809524
11.25 72.18742857142858
11.375 71.03728571428572
11.5 70.12876190476192
11.625 69.48704761904762
11.75 68.9927142857143
11.875 68.16499999999999
12.0 68.91900000000001
12.125 69.06328571428571
12.25 69.303
12.375 69.81033333333333
12.5 70.43547619047618
12.625 70.64280952380952
12.75 71.06633333333333
12.875 71.95104761904763
13.0 72.92352380952381
13.125 74.49642857142857
13.25 76.22819047619048
13.375 77.70195238095238
13.5 79.42780952380953
13.625 81.09971428571428
13.75 83.449
13.875 85.4587619047619
14.0 87.1977142857143
14.125 89.31847619047619
14.25 91.13266666666667
14.375 93.68028571428572
14.5 95.289
14.625 98.16647619047622
14.75 100.49485714285716
14.875 103.15857142857142
15.0 105.37395238095239
15.125 107.51961904761906
15.25 109.25633333333334
15.375 111.86852380952384
15.5 114.30842857142856
15.625 115.43185714285717
15.75 116.8527142857143
15.875 119.23633333333332
16.0 121.32595238095237
16.125 121.60338095238095
16.25 122.69009523809525
16.375 122.96519047619047
16.5 123.07971428571426
16.625 123.62266666666667
16.75 123.74014285714286
16.875 123.19423809523808
17.0 122.58657142857142
17.125 121.62685714285715
17.25 120.14776190476191
17.375 119.28023809523809
17.5 117.96914285714287
17.625 116.10342857142855
17.75 114.59866666666665
17.875 113.55138095238097
18.0 110.86771428571427
18.125 109.10014285714286
18.25 106.86057142857142
18.375 104.21071428571432
18.5 101.87385714285715
18.625 99.2037619047619
18.75 97.13857142857142
18.875 94.63995238095238
19.0 91.21952380952382
19.125 89.71799999999999
19.25 87.91742857142857
19.375 85.78066666666666
19.5 84.28038095238095
19.625 82.94080952380955
19.75 82.32261904761904
19.875 81.09980952380953
20.0 81.12347619047618
20.125 81.31642857142857
20.25 81.22261904761905
20.375 81.8612380952381
20.5 82.54471428571429
20.625 84.29442857142857
20.75 84.79480952380952
20.875 85.28104761904763
21.0 86.60819047619047
21.125 87.71576190476192
21.25 89.20304761904761
21.375 90.65438095238095
21.5 91.55052380952381
21.625 92.09466666666665
21.75 92.98428571428572
21.875 93.94242857142856
22.0 95.23076190476189
22.125 96.16614285714286
22.25 97.32233333333333
22.375 97.97390476190478
22.5 98.74333333333331
22.625 98.94633333333334
22.75 99.6487619047619
22.875 100.33323809523812
23.0 100.98138095238095
23.125 101.14461904761906
23.25 101.8164761904762
23.375 102.04966666666667
23.5 102.67252380952381
23.625 103.11014285714286
23.75 103.57790476190476
23.875 105.15247619047618
24.0 106.06571428571426
24.125 106.94209523809525
24.25 107.91685714285714
24.375 109.02061904761905
24.5 110.0174761904762
24.625 111.02119047619047
24.75 112.03138095238094
24.875 112.04614285714284
25.0 112.73990476190477
25.125 113.1665238095238
25.25 112.69885714285716
25.375 113.46838095238097
25.5 112.59819047619047
25.625 111.96571428571427
25.75 111.56361904761904
25.875 110.14414285714285
26.0 109.30409523809524
26.125 108.41476190476193
26.25 106.87514285714286
26.375 105.50833333333334
26.5 104.15147619047619
26.625 103.79319047619049
26.75 102.28771428571429
26.875 101.31480952380954
27.0 99.8567619047619
27.125 97.94357142857143
27.25 96.94128571428571
27.375 94.36252380952381
27.5 92.35919047619048
27.625 89.88690476190477
27.75 87.31890476190475
27.875 84.80814285714284
28.0 82.13980952380953
28.125 79.27319047619046
28.25 76.19838095238094
28.375 72.88842857142856
28.5 69.96799999999999
28.625 67.73747619047619
28.75 65.61519047619046
28.875 63.72309523809523
29.0 61.707476190476186
29.125 61.120238095238086
29.25 60.52609523809525
29.375 60.8425238095238
29.5 61.86547619047618
29.625 63.08052380952381
29.75 65.17009523809524
29.875 67.29890476190478
30.0 69.98490476190476
30.125 73.03704761904763
30.25 76.38409523809524
30.375 80.71147619047619
30.5 84.10666666666665
30.625 87.60990476190476
30.75 91.10090476190474
30.875 94.18676190476191
31.0 98.22866666666667
31.125 101.20157142857144
31.25 104.38957142857143
31.375 107.31228571428571
31.5 110.3807142857143
31.625 112.63080952380952
31.75 115.29619047619045
31.875 118.30761904761906
32.0 120.93052380952382
32.125 123.72552380952382
32.25 126.8185714285714
32.375 129.09828571428565
32.5 131.73600000000002
32.625 134.27566666666667
32.75 136.91638095238096
32.875 139.31785714285715
33.0 141.82057142857144
33.125 144.25928571428568
33.25 146.45190476190479
33.375 148.09366666666665
33.5 149.71166666666667
33.625 151.05995238095238
33.75 151.8915714285714
33.875 152.21114285714287
34.0 151.829
34.125 151.8879523809524
34.25 151.0990476190476
34.375 150.3651904761905
34.5 149.34547619047618
34.625 148.60385714285712
34.75 147.22666666666666
34.875 146.06147619047618
35.0 144.36152380952382
35.125 142.4872857142857
35.25 140.33080952380953
35.375 137.74257142857144
35.5 135.53428571428572
35.625 132.443
35.75 129.57419047619047
35.875 126.9657142857143
36.0 124.43314285714288
36.125 121.36885714285712
36.25 118.39919047619048
36.375 115.27861904761906
36.5 112.87319047619047
36.625 110.28019047619048
36.75 107.55090476190476
36.875 104.65028571428572
37.0 101.39614285714285
37.125 98.33438095238095
37.25 94.57247619047618
37.375 90.94904761904762
37.5 88.64504761904763
37.625 85.58342857142858
37.75 83.89619047619048
37.875 82.25652380952381
38.0 81.18895238095237
38.125 80.3240476190476
38.25 80.22595238095238
38.375 79.556
38.5 80.20014285714284
38.625 80.61319047619047
38.75 81.13438095238094
38.875 82.42085714285714
39.0 83.12242857142857
39.125 84.61933333333333
39.25 86.45242857142858
39.375 87.29157142857143
39.5 88.12066666666666
39.625 88.96038095238096
39.75 89.91366666666667
39.875 91.13328571428572
40.0 91.4308095238095
40.125 91.9314761904762
40.25 93.63780952380951
40.375 93.89738095238096
40.5 94.44328571428571
40.625 95.87385714285713
40.75 95.85454999999999
40.875 96.70505
41.0 97.01595
41.125 97.9811
41.25 98.65645
41.375 99.18725
41.5 99.10979999999999
41.625 100.94355555555555
41.75 100.9725
41.875 96.2960625
42.0 95.6835625
42.125 95.34499999999998
42.25 94.7808125
42.375 96.22846666666668
42.5 96.2994
42.625 95.55246666666667
42.75 94.82826666666666
42.875 95.12486666666668
43.0 94.62953333333334
43.125 87.65838461538462
43.25 87.52523076923079