0.0 107.44263636363638
0.1238 105.76316666666666
0.2477 106.23792857142858
0.3715 100.69513333333335
0.4954 98.8974
0.6192 101.8368125
0.743 99.0464705882353
0.8669 100.42983333333333
0.9907 99.94366666666667
1.1146 97.49072727272728
1.2384 95.13521739130434
1.3622 94.66869565217392
1.4861 94.27983333333334
1.6099 93.897875
1.7337 93.50554166666666
1.8576 92.98712499999999
1.9814 92.33454166666667
2.1053 91.66183333333333
2.2291 90.89129166666667
2.3529 90.04675000000002
2.4768 89.16804166666667
2.6006 88.34133333333334
2.7245 87.52816666666666
2.8483 86.75483333333334
2.9721 86.08816666666667
3.096 85.34020833333334
3.2198 84.69045833333335
3.3437 84.12012499999999
3.4675 83.804875
3.5913 83.71291666666667
3.7152 83.70941666666666
3.839 83.96445833333333
3.9628 84.30191666666666
4.0867 84.93179166666665
4.2105 85.76991666666667
4.3344 86.78991666666667
4.4582 88.12933333333335
4.582 89.73787499999999
4.7059 91.71441666666665
4.8297 93.96745833333334
4.9536 96.56720833333333
5.0774 99.26895833333333
5.2012 101.93299999999999
5.3251 104.55941666666666
5.4489 107.32545833333334
5.5728 110.05616666666667
5.6966 112.59154166666667
5.8204 115.11095833333333
5.9443 117.70808333333332
6.0681 120.28674999999998
6.192 122.91391666666668
6.3158 125.40308333333333
6.4396 127.85895833333332
6.5635 130.146875
6.6873 131.96495833333333
6.8111 133.52475
6.935 134.82220833333335
7.0588 135.91204166666668
7.1827 136.85391666666666
7.3065 137.54641666666666
7.4303 138.17520833333333
7.5542 138.547625
7.678 138.75254166666667
7.8019 138.88133333333334
7.9257 138.9093333333333
8.0495 138.58775
8.1734 138.4127083333333
8.2972 137.97424999999998
8.4211 137.32229166666667
8.5449 136.639375
8.6687 135.88641666666666
8.7926 134.998125
8.9164 133.94079166666666
9.0402 132.54429166666668
9.1641 131.02
9.2879 129.1640416666667
9.4118 127.13191666666667
9.5356 125.06441666666667
9.6594 122.91295833333334
9.7833 120.81925000000001
9.9071 118.71583333333332
10.031 116.60620833333333
10.1548 114.61516666666667
10.2786 112.61216666666667
10.4025 110.60237500000001
10.5263 108.71741666666667
10.6502 106.66570833333333
10.774 104.54599999999999
10.8978 102.573875
11.0217 100.760625
11.1455 99.18179166666668
11.2694 97.92675000000001
11.3932 96.64233333333334
11.517 95.448
11.6409 94.36045833333333
11.7647 93.20112499999999
11.8885 91.98562499999998
12.0124 90.78816666666667
12.1362 89.42154166666667
12.2601 88.02258333333332
12.3839 86.57179166666667
12.5077 85.31820833333335
12.6316 84.14991666666667
12.7554 83.08283333333334
12.8793 82.12962499999999
13.0031 81.29858333333333
13.1269 80.49520833333334
13.2508 79.80258333333333
13.3746 79.295125
13.4985 78.83204166666667
13.6223 78.66941666666666
13.7461 78.71674999999999
13.87 79.03224999999999
13.9938 79.66020833333333
14.1176 80.314125
14.2415 81.04204166666666
14.3653 82.12150000000001
14.4892 83.1555
14.613 84.35720833333333
14.7368 85.769875
14.8607 87.374125
14.9845 89.11341666666665
15.1084 91.02674999999999
15.2322 93.19870833333333
15.356 95.54604166666667
15.4799 98.03075000000001
15.6037 100.48391666666664
15.7276 102.83504166666667
15.8514 105.14779166666666
15.9752 107.39549999999998
16.0991 109.50500000000001
16.2229 111.51670833333333
16.3467 113.464375
16.4706 115.11008333333332
16.5944 116.48379166666666
16.7183 117.70329166666666
16.8421 118.75354166666666
16.9659 119.36754166666667
17.0898 119.93766666666666
17.2136 120.38725
17.3375 120.73370833333333
17.4613 121.00525
17.5851 121.14208333333333
17.709 121.20825
17.8328 121.08208333333333
17.9567 120.74729166666667
18.0805 120.15329166666668
18.2043 119.36325
18.3282 118.27179166666667
18.452 117.01816666666667
18.5759 115.570375
18.6997 114.320875
18.8235 113.20966666666668
18.9474 112.05108333333332
19.0712 110.80529166666668
19.195 109.47295833333334
19.3189 108.087125
19.4427 106.598875
19.5666 105.13175
19.6904 103.67479166666665
19.8142 102.04712500000001
19.9381 100.51925
20.0619 99.02829166666668
20.1858 97.6105
20.3096 96.29625
20.4334 95.13420833333333
20.5573 94.17116666666668
20.6811 93.30887500000001
20.805 92.56954166666667
20.9288 92.05825
21.0526 91.76825000000001
21.1765 91.693875
21.3003 91.7625
21.4241 92.00041666666668
21.548 92.38870833333333
21.6718 92.54025000000001
21.7957 92.86795833333333
21.9195 93.19666666666667
22.0433 93.68366666666667
22.1672 94.37433333333333
22.291 95.20483333333334
22.4149 96.14350000000002
22.5387 97.22204166666666
22.6625 98.34370833333334
22.7864 99.22983333333333
22.9102 100.36929166666665
23.0341 101.11016666666667
23.1579 101.593
23.2817 101.97795833333333
23.4056 102.12341666666669
23.5294 102.19870833333334
23.6533 102.42966666666668
23.7771 102.73370833333333
23.9009 103.16070833333333
24.0248 103.7405
24.1486 104.50995833333333
24.2724 105.27133333333335
24.3963 106.16533333333335
24.5201 107.22895833333332
24.644 108.31650000000002
24.7678 109.619375
24.8916 110.94099999999999
25.0155 112.08429166666667
25.1393 113.18866666666668
25.2632 114.00541666666668
25.387 114.73391666666667
25.5108 115.18979166666666
25.6347 115.609
25.7585 115.53825
25.8824 115.4055
26.0062 115.21770833333335
26.13 114.97020833333333
26.2539 114.59866666666666
26.3777 114.08145833333334
26.5015 113.15129166666668
26.6254 112.05775
26.7492 110.584625
26.8731 108.58020833333335
26.9969 106.47879166666667
27.1207 104.14554166666669
27.2446 101.765625
27.3684 99.49795833333333
27.4923 97.207875
27.6161 95.07408333333332
27.7399 93.20566666666666
27.8638 91.45320833333334
27.9876 89.65216666666667
28.1115 88.037125
28.2353 86.48674999999999
28.3591 84.89104166666667
28.483 83.44279166666666
28.6068 81.97145833333333
28.7306 80.75754166666667
28.8545 79.72475000000001
28.9783 79.01729166666667
29.1022 78.08666666666666
29.226 77.23183333333334
29.3498 76.61762499999999
29.4737 76.00470833333334
29.5975 75.75979166666667
29.7214 75.64383333333333
29.8452 75.86108333333334
29.969 76.33745833333334
30.0929 77.02004166666666
30.2167 78.00458333333334
30.3406 78.97070833333333
30.4644 80.04129166666667
30.5882 80.953125
30.7121 81.83683333333333
30.8359 82.69958333333334
30.9598 83.67066666666668
31.0836 84.84333333333333
31.2074 86.34770833333334
31.3313 88.22145833333333
31.4551 90.424125
31.5789 92.80708333333332
31.7028 95.45049999999999
31.8266 98.08870833333333
31.9505 100.595125
32.0743 103.168
32.1981 105.51579166666666
32.322 107.87704166666667
32.4458 110.04983333333332
32.5697 112.11583333333333
32.6935 114.43970833333333
32.8173 116.79191666666668
32.9412 119.30129166666666
33.065 121.86458333333333
33.1889 124.58262500000001
33.3127 127.24137499999999
33.4365 129.89008333333334
33.5604 132.54304166666665
33.6842 135.19533333333334
33.808 137.68612499999998
33.9319 139.82308333333333
34.0557 141.71270833333335
34.1796 143.45325
34.3034 144.57158333333334
34.4272 145.54937500000003
34.5511 146.01683333333332
34.6749 146.46483333333333
34.7988 146.87933333333334
34.9226 147.29479166666667
35.0464 147.63795833333333
35.1703 147.952
35.2941 148.20670833333332
35.418 148.186375
35.5418 148.04866666666666
35.6656 147.66
35.7895 146.750875
35.9133 145.831625
36.0372 144.474125
36.161 143.1705
36.2848 141.61841666666666
36.4087 139.981125
36.5325 138.336125
36.6563 136.9435
36.7802 135.179
36.904 133.60299999999998
37.0279 131.956375
37.1517 130.293
37.2755 128.6405
37.3994 126.87975000000002
37.5232 125.13083333333334
37.6471 123.04883333333333
37.7709 120.89216666666668
37.8947 118.74808333333334
38.0186 116.75429166666665
38.1424 114.67175000000002
38.2663 112.738625
38.3901 111.07220833333334
38.5139 109.52220833333332
38.6378 108.07895833333335
38.7616 106.82783333333334
38.8854 105.45216666666666
39.0093 104.15366666666667
39.1331 102.68383333333333
39.257 101.10341666666666
39.3808 99.40291666666667
39.5046 97.57712499999998
39.6285 95.82233333333333
39.7523 94.07099999999998
39.8762 91.94691666666665
40.0 90.71062500000001
40.1238 89.80941666666666
40.2477 89.28987500000001
40.3715 89.01549999999999
40.4954 88.96787499999999
40.6192 89.26145833333334
40.743 89.72041666666667
40.8669 90.26041666666667
40.9907 90.89337499999999
41.1146 91.58733333333333
41.2384 92.44275
41.3622 93.64704166666667
41.4861 94.98404166666667
41.6099 96.1445
41.7337 97.55808333333334
41.8576 98.99129166666667
41.9814 100.41933333333334
42.1053 101.87120833333331
42.2291 103.29645833333332
42.3529 104.73070833333333
42.4768 106.01870833333332
42.6006 107.31083333333333
42.7245 108.62120833333334
42.8483 109.35408695652175
42.9721 110.36634782608698
43.096 111.81208695652174
43.2198 112.7418695652174
43.3437 113.66960869565219
43.4675 114.90413636363637
43.5913 116.00038095238094
43.7152 116.08575
43.839 119.18152631578948
43.9628 119.70326315789474
44.0867 120.24273684210527
44.2105 120.57936842105262
44.3344 120.76621052631579
44.4582 117.7061875
44.582 116.8923125
44.7059 115.6855625
44.8297 114.3835
44.9536 111.754
45.0774 110.15435714285715