0.0 113.36956250000001
0.1237 111.7995294117647
0.2474 111.01870588235295
0.3711 111.1372222222222
0.4948 110.36955555555556
0.6186 108.47427
0.7423 106.80075454545454
0.866 107.41734782608694
0.9897 106.62021304347829
1.1134 108.22953076923076
1.2371 107.62822692307692
1.3608 107.4073846153846
1.4845 106.92379230769231
1.6082 108.83363703703702
1.732 108.61189999999999
1.8557 108.31453214285713
1.9794 107.95764642857141
2.1031 107.89008214285715
2.2268 107.58008214285714
2.3505 107.13263928571429
2.4742 106.61029285714285
2.5979 106.29016785714285
2.7216 105.99376071428573
2.8454 105.839475
2.9691 105.82030357142858
3.0928 105.98526071428572
3.2165 106.19983571428573
3.3402 106.64563928571428
3.4639 107.22083928571429
3.5876 107.54657142857145
3.7113 108.18535357142858
3.835 108.77152857142856
3.9588 109.52284642857144
4.0825 110.31454999999998
4.2062 110.78092142857143
4.3299 111.433575
4.4536 111.93104285714287
4.5773 112.68364285714286
4.701 113.43722142857145
4.8247 114.15403571428574
4.9484 114.79933214285714
5.0722 115.65829642857145
5.1959 116.64199642857145
5.3196 117.70737499999998
5.4433 118.9473857142857
5.567 120.48944285714286
5.6907 121.94356785714285
5.8144 123.29599285714288
5.9381 124.51988571428572
6.0618 125.82674642857144
6.1856 127.121025
6.3093 128.2188857142857
6.433 129.48503214285716
6.5567 130.8524857142857
6.6804 132.1150607142857
6.8041 133.664025
6.9278 135.1030392857143
7.0515 136.4804464285714
7.1752 137.8701357142857
7.299 139.00204642857142
7.4227 139.77706785714284
7.5464 140.58763214285716
7.6701 141.253975
7.7938 141.54904285714287
7.9175 141.78430714285713
8.0412 142.11546071428572
8.1649 142.481425
8.2886 142.49951785714285
8.4124 142.64735357142857
8.5361 142.66699999999997
8.6598 142.6557892857143
8.7835 142.46066071428572
8.9072 142.26986428571428
9.0309 142.03856785714285
9.1546 141.5158857142857
9.2783 140.9812857142857
9.402 140.2702
9.5258 139.54570714285714
9.6495 138.87037500000002
9.7732 137.9545821428571
9.8969 136.93676785714285
10.0206 135.65727857142855
10.1443 134.47552142857143
10.268 133.25180714285713
10.3917 132.1302107142857
10.5154 131.08114642857143
10.6392 129.83520714285712
10.7629 128.80006071428573
10.8866 127.72246071428572
11.0103 126.5359
11.134 125.17520714285713
11.2577 123.71674642857145
11.3814 122.20890714285714
11.5051 120.58477500000001
11.6288 119.01376428571429
11.7526 117.5522142857143
11.8763 116.07361785714285
12.0 114.7361642857143
12.1237 113.37152500000002
12.2474 112.09361071428573
12.3711 111.00510714285713
12.4948 109.720225
12.6185 108.75361071428573
12.7422 107.56833571428571
12.866 106.41380714285715
12.9897 105.3486357142857
13.1134 104.47475714285713
13.2371 103.68084642857143
13.3608 103.11702857142859
13.4845 102.57661428571429
13.6082 102.03371785714285
13.7319 101.70507142857142
13.8556 101.47826428571429
13.9794 101.46920357142858
14.1031 101.33088928571429
14.2268 101.63585357142857
14.3505 101.76994642857143
14.4742 102.19057857142857
14.5979 102.76100000000001
14.7216 103.66644642857143
14.8453 104.49431071428572
14.969 105.51872857142857
15.0928 106.71123214285716
15.2165 108.02995000000001
15.3402 109.32895357142856
15.4639 110.5518107142857
15.5876 111.79482500000002
15.7113 113.15565357142857
15.835 114.33563928571428
15.9587 115.74955357142858
16.0824 117.03696428571428
16.2062 118.23450000000003
16.3299 119.60007142857141
16.4536 120.60397142857143
16.5773 121.520525
16.701 122.40061428571428
16.8247 123.07259642857143
16.9484 123.66471071428569
17.0721 123.95071785714288
17.1958 124.25304642857144
17.3196 124.47520357142858
17.4433 124.70248214285714
17.567 124.95961785714287
17.6907 125.21991785714285
17.8144 125.35426428571428
17.9381 125.39496071428572
18.0618 125.47214285714287
18.1855 125.45296428571429
18.3092 125.59588214285714
18.433 125.56724642857145
18.5567 125.17476785714287
18.6804 125.0217857142857
18.8041 124.88762857142858
18.9278 124.77465714285714
19.0515 124.58197500000001
19.1752 124.59191785714286
19.2989 124.51852857142858
19.4226 124.40336785714285
19.5464 124.23480714285715
19.6701 123.9724142857143
19.7938 123.62338214285714
19.9175 123.18989285714288
20.0412 122.6631607142857
20.1649 122.08725714285715
20.2886 121.50926428571428
20.4123 121.05595000000001
20.536 120.55924285714288
20.6598 120.05184285714287
20.7835 119.58274642857144
20.9072 119.09658214285716
21.0309 118.529125
21.1546 118.17229999999999
21.2783 117.6488607142857
21.402 117.2122107142857
21.5257 116.72066071428571
21.6494 116.45568928571427
21.7732 116.26911785714286
21.8969 115.8403392857143
22.0206 115.61020714285715
22.1443 115.31380714285716
22.268 115.16926071428573
22.3917 115.03297142857143
22.5154 114.94020714285715
22.6391 114.86425714285714
22.7628 114.69408214285714
22.8866 114.64856428571427
23.0103 114.82471428571428
23.134 115.04314642857143
23.2577 115.23307857142856
23.3814 115.51310714285715
23.5051 115.94260357142856
23.6288 116.3297107142857
23.7525 116.69087142857143
23.8762 117.19467857142858
24.0 117.8458107142857
24.1237 118.25019642857144
24.2474 118.74411428571429
24.3711 119.25721785714286
24.4948 119.78277142857144
24.6185 120.27732142857144
24.7422 120.93043214285714
24.8659 121.44977857142855
24.9896 121.87529642857146
25.1133 122.18771071428571
25.2371 122.69509285714285
25.3608 123.08437142857143
25.4845 123.39501785714286
25.6082 123.548325
25.7319 123.63240714285713
25.8556 123.80717857142857
25.9793 123.85772499999999
26.103 123.89302142857142
26.2267 123.86236428571429
26.3505 123.73091071428571
26.4742 123.67146071428571
26.5979 123.33314999999997
26.7216 123.1084857142857
26.8453 122.87653571428571
26.969 122.652475
27.0927 122.31331071428569
27.2164 121.98623214285715
27.3401 121.6445142857143
27.4639 121.170625
27.5876 120.61940000000001
27.7113 119.91901428571427
27.835 119.4322107142857
27.9587 118.82126785714286
28.0824 118.31349642857143
28.2061 117.746225
28.3298 117.33741071428571
28.4536 116.98069285714287
28.5773 116.82703214285716
28.701 116.6480642857143
28.8247 116.39907857142855
28.9484 116.27544285714285
29.0721 116.07143571428573
29.1958 115.96488928571428
29.3195 115.95049642857143
29.4432 116.06221071428573
29.5669 115.75830714285713
29.6907 115.80165357142857
29.8144 115.89560000000002
29.9381 115.87395
30.0618 115.95195000000001
30.1855 116.21140714285715
30.3092 116.41943928571426
30.4329 116.609975
30.5566 116.88015714285714
30.6803 117.07551428571426
30.8041 117.30151785714285
30.9278 117.54757500000001
31.0515 117.68944642857143
31.1752 117.95187857142855
31.2989 118.17167142857144
31.4226 118.49923214285717
31.5463 118.94226071428571
31.67 119.24682857142857
31.7937 119.63031071428568
31.9175 120.3255357142857
32.0412 120.81088571428572
32.1649 121.66962500000001
32.2886 122.49380714285715
32.4123 123.41211785714287
32.536 124.02033928571429
32.6597 125.03603214285714
32.7834 125.77241785714287
32.9072 126.50526785714285
33.0309 127.31862142857143
33.1546 128.27286785714287
33.2783 129.2665
33.402 130.0665857142857
33.5257 131.26264999999998
33.6494 132.31203571428568
33.7731 133.47625357142857
33.8968 134.75772142857144
34.0205 135.78915714285716
34.1443 136.64326428571428
34.268 137.51736071428573
34.3917 138.32250357142857
34.5154 138.97924642857143
34.6391 139.3824714285714
34.7628 139.84522142857142
34.8865 140.21138214285716
35.0102 140.59443214285713
35.1339 140.79828214285712
35.2577 140.80925
35.3814 140.76621785714283
35.5051 140.75343214285715
35.6288 140.46294285714288
35.7525 139.87794285714287
35.8762 139.20984285714286
35.9999 138.26903571428574
36.1236 137.27576071428572
36.2473 136.1483642857143
36.3711 135.092225
36.4948 133.76303928571429
36.6185 132.43615357142858
36.7422 131.0271214285714
36.8659 129.66076071428571
36.9896 128.47283571428574
37.1133 126.98170357142855
37.237 125.37088214285714
37.3607 124.14872142857142
37.4845 122.79021071428572
37.6082 121.39968214285715
37.7319 120.22867142857145
37.8556 119.10717142857143
37.9793 117.94957142857145
38.103 116.58406428571429
38.2267 115.3913
38.3504 114.32251071428571
38.4741 113.50158571428571
38.5979 112.54624285714284
38.7216 111.63281785714285
38.8453 110.7144857142857
38.969 109.87494642857143
39.0927 109.06861785714285
39.2164 108.28540714285714
39.3401 107.48491428571428
39.4638 106.52529285714286
39.5875 105.88818214285716
39.7113 105.01872142857144
39.835 104.3196642857143
39.9587 103.60998571428573
40.0824 103.21441428571428
40.2061 102.78479642857143
40.3298 102.28400357142858
40.4535 101.84280000000001
40.5772 101.47703214285717
40.7009 101.16905
40.8247 101.05877857142856
40.9484 101.04898928571427
41.0721 101.08078214285715
41.1958 101.28799642857142
41.3195 101.50558214285715
41.4432 101.98582142857141
41.5669 102.57248214285714
41.6906 103.18188571428571
41.8143 103.9823
41.9381 104.84525
42.0618 105.68091071428572
42.1855 106.48764285714286
42.3092 107.26046785714286
42.4329 107.98971428571429
42.5566 108.49641428571428
42.6803 109.16936785714287
42.804 109.54812142857143
42.9277 110.03901428571427
43.0515 110.31970714285714
43.1752 110.79388928571429
43.2989 111.18053928571427
43.4226 111.61581428571426
43.5463 111.97812857142856
43.67 112.4090785714286
43.7937 112.66887142857142
43.9174 112.96395357142856
44.0411 113.39630357142859
44.1649 113.54864999999998
44.2886 113.71035714285713
44.4123 113.8404
44.536 113.83576071428571
44.6597 113.93609642857145
44.7834 113.97527142857143
44.9071 114.34469642857142
45.0308 114.56564285714285
45.1545 114.81569285714285
45.2783 114.88555357142857
45.402 114.90220000000001
45.5257 114.93404642857146
45.6494 114.74359285714287
45.7731 114.43700714285715
45.8968 112.7408074074074
46.0205 112.33636666666668
46.1442 110.22646
46.2679 109.80893199999998
46.3917 109.48827200000001
46.5154 109.02985999999999
46.6391 108.75531600000001
46.7628 106.7723958333333
46.8865 108.04095454545454
47.0102 109.17104285714284
47.1339 108.75989047619048
47.2576 114.82076470588237
47.3813 115.31087333333333
47.5051 115.30415714285712
47.6288 115.58774166666667