0.0 114.92042857142857
0.1077 115.81478571428572
0.2153 111.43346666666666
0.323 112.78626666666668
0.4307 114.05993749999999
0.5384 114.846125
0.646 112.51338888888888
0.7537 115.56125
0.8614 119.59277272727273
0.969 120.48249999999999
1.0767 125.0554
1.1844 126.03612000000001
1.2921 127.35987999999999
1.3997 128.61092
1.5074 129.56392
1.6151 130.52292
1.7227 131.60724
1.8304 132.64796
1.9381 134.0172
2.0458 134.89692000000002
2.1534 136.0512
2.2611 137.54175999999998
2.3688 138.87228
2.4764 140.05752
2.5841 141.63227999999998
2.6918 143.00332
2.7995 144.22592
2.9071 145.84096
3.0148 146.76488
3.1225 148.1746
3.2301 149.27208
3.3378 150.61504
3.4455 151.95228
3.5532 153.52792000000002
3.6608 154.61692
3.7685 156.11520000000002
3.8762 157.13888
3.9838 158.44508
4.0915 159.26948000000002
4.1992 160.03400000000002
4.3069 161.30544
4.4145 162.18707999999998
4.5222 163.159
4.6299 163.67804
4.7376 164.50444000000005
4.8452 165.21847999999997
4.9529 165.66119999999998
5.0606 165.8972
5.1682 166.11432000000002
5.2759 166.47196
5.3836 166.42284
5.4913 166.64296000000002
5.5989 166.25976
5.7066 165.81748
5.8143 165.56252
5.9219 164.89019999999996
6.0296 163.877
6.1373 163.5146
6.245 162.85744
6.3526 161.44952
6.4603 159.87364000000002
6.568 159.22691999999998
6.6756 157.30716
6.7833 155.26852
6.891 153.85631999999998
6.9987 151.82108
7.1063 149.5558
7.214 148.31372
7.3217 146.98788000000002
7.4293 145.08100000000002
7.537 143.36124
7.6447 141.13424
7.7524 139.48076
7.86 136.68084
7.9677 133.93468000000001
8.0754 131.79432
8.183 129.30132
8.2907 126.41456
8.3984 123.99835999999999
8.5061 121.74560000000001
8.6137 119.87144
8.7214 117.77655999999999
8.8291 115.16959999999999
8.9367 113.50272
9.0444 111.24604
9.1521 109.78448
9.2598 107.57704000000001
9.3674 105.71488
9.4751 103.08511999999999
9.5828 100.81128000000001
9.6904 98.95100000000001
9.7981 97.0916
9.9058 94.93624
10.0135 93.89852
10.1211 92.32807999999999
10.2288 91.12808000000001
10.3365 90.17364000000002
10.4441 89.02159999999999
10.5518 88.55804
10.6595 88.24524
10.7672 87.74952000000002
10.8748 86.89116
10.9825 86.49256
11.0902 86.53040000000001
11.1978 86.63796
11.3055 86.67815999999999
11.4132 87.2086
11.5209 88.04019999999998
11.6285 88.96204
11.7362 89.62504000000001
11.8439 90.54060000000001
11.9515 91.6006
12.0592 92.97992
12.1669 93.95240000000001
12.2746 94.9532
12.3822 96.17484
12.4899 97.42560000000002
12.5976 98.44568
12.7052 99.86112000000001
12.8129 101.43492
12.9206 103.01540000000001
13.0283 104.54583999999998
13.1359 106.23244000000001
13.2436 108.05488000000001
13.3513 109.92808000000001
13.459 111.88096
13.5666 113.63723999999998
13.6743 115.15240000000001
13.782 117.28224
13.8896 118.22604000000001
13.9973 119.41284
14.105 120.89331999999999
14.2127 122.30424
14.3203 123.88467999999999
14.428 124.97912000000001
14.5357 125.97772
14.6433 127.00776
14.751 128.8778
14.8587 130.07468
14.9664 131.34684000000001
15.074 132.2586
15.1817 133.39068
15.2894 134.19155999999998
15.397 134.92436
15.5047 135.3934
15.6124 135.64936
15.7201 136.75887999999998
15.8277 137.15112000000002
15.9354 138.65008
16.0431 139.57752
16.1507 140.06248
16.2584 140.82332
16.3661 141.69652
16.4738 142.60551999999998
16.5814 143.08648000000002
16.6891 143.01668
16.7968 143.9862
16.9044 144.35592
17.0121 144.00943999999998
17.1198 144.03431999999998
17.2275 144.54492
17.3351 144.96448
17.4428 144.62276
17.5505 144.36164
17.6581 144.50076
17.7658 144.48424
17.8735 144.2686
17.9812 143.52436
18.0888 143.71276
18.1965 143.07252
18.3042 142.21164000000002
18.4118 141.76644
18.5195 140.79576
18.6272 140.2534
18.7349 138.96896
18.8425 137.6302
18.9502 136.29476
19.0579 135.2588
19.1655 133.63024000000001
19.2732 131.96676
19.3809 130.17520000000002
19.4886 128.41412
19.5962 125.82632000000001
19.7039 123.55232
19.8116 121.35600000000001
19.9192 118.52616
20.0269 115.94008
20.1346 113.00371999999999
20.2423 110.43088
20.3499 107.99416
20.4576 106.18415999999999
20.5653 103.14540000000001
20.6729 100.70008
20.7806 98.71188000000001
20.8883 96.87132
20.996 94.66532000000001
21.1036 92.35736000000001
21.2113 90.37312
21.319 88.09184
21.4266 86.24948
21.5343 84.49727999999999
21.642 82.56492
21.7497 81.23268
21.8573 79.48432000000001
21.965 78.6068
22.0727 77.82344
22.1803 77.52456000000001
22.288 76.86528
22.3957 76.37236000000001
22.5034 75.92728
22.611 75.79899999999999
22.7187 75.8234
22.8264 75.70208000000001
22.9341 74.9564
23.0417 75.62456
23.1494 75.81572
23.2571 76.14088
23.3647 76.60915999999999
23.4724 77.7736
23.5801 79.30236
23.6878 80.51456
23.7954 81.92103999999999
23.9031 83.64088
24.0108 85.32556000000001
24.1184 87.43772000000001
24.2261 89.34732
24.3338 90.90768
24.4415 92.75615999999998
24.5491 94.70559999999999
24.6568 96.92988000000001
24.7645 98.9646
24.8721 101.56688
24.9798 104.15880000000001
25.0875 106.53572
25.1952 109.15592000000001
25.3028 111.79596000000001
25.4105 113.9984
25.5182 115.98451999999999
25.6258 117.41604
25.7335 119.29112
25.8412 121.14547999999999
25.9489 122.04164
26.0565 123.17548
26.1642 124.95360000000001
26.2719 126.44804
26.3795 127.93672000000001
26.4872 130.19564
26.5949 131.76116
26.7026 133.36991999999998
26.8102 135.36216000000002
26.9179 136.73919999999998
27.0256 137.6234
27.1332 139.14624
27.2409 139.51684
27.3486 139.78284
27.4563 140.80276
27.5639 140.92776
27.6716 141.31380000000001
27.7793 141.29568
27.8869 141.46168
27.9946 141.21556
28.1023 141.22588
28.21 140.984
28.3176 140.93676
28.4253 140.27367999999998
28.533 139.36736000000002
28.6406 138.578
28.7483 137.53364
28.856 136.38576
28.9637 135.0286
29.0713 133.484
29.179 132.10592
29.2867 130.6654
29.3943 129.66603999999998
29.502 127.96504
29.6097 126.10271999999999
29.7174 124.448
29.825 123.08944
29.9327 121.15248
30.0404 119.75864000000001
30.148 117.25612000000001
30.2557 115.30832000000001
30.3634 113.22304
30.4711 110.96148000000001
30.5787 108.80759999999998
30.6864 106.32484000000001
30.7941 104.04440000000001
30.9018 101.68619999999999
31.0094 100.10347999999998
31.1171 98.20524000000002
31.2248 96.84596000000002
31.3324 95.19152000000003
31.4401 93.82732
31.5478 92.31668000000002
31.6555 90.93844000000001
31.7631 89.66208
31.8708 88.76004
31.9785 88.15516
32.0861 87.52771999999999
32.1938 87.4118
32.3015 86.99372
32.4092 87.1828
32.5168 87.42739999999999
32.6245 88.7718
32.7322 89.53748
32.8398 90.0722
32.9475 90.87824
33.0552 92.59252000000001
33.1629 93.75135999999999
33.2705 95.68344
33.3782 97.53659999999999
33.4859 99.98328
33.5935 102.46028
33.7012 104.25276
33.8089 106.96168000000002
33.9166 109.13315999999999
34.0242 111.33059999999999
34.1319 114.1124
34.2396 117.48048
34.3472 120.02704000000001
34.4549 122.84100000000001
34.5626 126.10351999999999
34.6703 129.11008
34.7779 132.46588
34.8856 135.31192
34.9933 137.79836
35.1009 140.32064
35.2086 143.54724
35.3163 146.08384
35.424 148.89772
35.5316 151.69547999999998
35.6393 154.35692
35.747 157.04507999999998
35.8546 160.09804
35.9623 162.14276
36.07 164.44184
36.1777 166.40207999999998
36.2853 167.89464
36.393 169.6134
36.5007 170.94171999999998
36.6083 172.1408
36.716 172.7612
36.8237 173.57987999999997
36.9314 173.96264
37.039 174.16252
37.1467 174.88152000000002
37.2544 174.75171999999998
37.362 174.89860000000002
37.4697 174.61791999999997
37.5774 174.27384
37.6851 173.64016
37.7927 173.0948
37.9004 171.7744
38.0081 170.42372
38.1157 169.19012000000004
38.2234 167.73732
38.3311 165.92860000000002
38.4388 163.77652
38.5464 161.85172
38.6541 159.67924000000002
38.7618 157.37584
38.8694 154.60031999999998
38.9771 152.6968
39.0848 150.02668
39.1925 147.68904
39.3001 144.77720000000002
39.4078 141.89596
39.5155 139.02964
39.6231 135.73736
39.7308 132.9212
39.8385 129.69252
39.9462 126.80388
40.0538 124.22776
40.1615 121.14424000000001
40.2692 118.40692000000001
40.3769 115.94524000000001
40.4845 113.0274
40.5922 110.63828000000001
40.6999 108.35184000000001
40.8075 105.90459999999999
40.9152 103.96572
41.0229 100.89312
41.1306 102.31004166666666
41.2382 100.59208333333333
41.3459 98.71566666666666
41.4536 96.63379166666665
41.5612 94.90645833333333
41.6689 93.29837500000001
41.7766 92.44900000000001
41.8843 91.43229166666667
41.9919 90.53625
42.0996 89.55775
42.2073 88.78829166666667
42.3149 88.81808333333333
42.4226 88.73216666666667
42.5303 88.23495833333334
42.638 87.19641666666666
42.7456 86.38708333333334
42.8533 85.38616666666667
42.961 85.22250000000001
43.0686 84.48725
43.1763 84.40729166666667
43.284 84.93083333333333
43.3917 85.86591666666668
43.4993 85.82916666666665
43.607 86.4095
43.7147 87.30370833333335
43.8223 85.89459090909091
43.93 86.82945454545454
44.0377 83.0309
44.1454 81.85905555555556
44.253 79.7625294117647
44.3607 77.12586666666667
44.4684 76.058
44.576 76.03891666666668